**********************************************************************
Information about phases
**********************************************************************

Phase Ho2Ti2O7:
 unit cell: 
    10.31313   10.31313   10.31313 
       90.00      90.00      90.00
 B matrix is 
  0.09696 -0.00000 -0.00000
  0.00000  0.09696 -0.00000
  0.00000  0.00000  0.09696
 
symmetry: 
 inversion center in position 0.000 0.000 0.000
 elements of symmetry:
      B    Rot.      B    Rot.      B    Rot.      B    Rot.      B    Rot.
  0.000  1 0 0;  0.750 -1 0 0;  0.250 -1 0 0;  0.500  1 0 0;  0.000  0 0 1;
  0.000  0 1 0;  0.250  0-1 0;  0.500  0 1 0;  0.750  0-1 0;  0.000  1 0 0;
  0.000  0 0 1;  0.500  0 0 1;  0.750  0 0-1;  0.250  0 0-1;  0.000  0 1 0;
      B    Rot.      B    Rot.      B    Rot.      B    Rot.      B    Rot.
  0.500  0 0 1;  0.750  0 0-1;  0.250  0 0-1;  0.000  0 1 0;  0.250  0-1 0;
  0.750 -1 0 0;  0.250 -1 0 0;  0.500  1 0 0;  0.000  0 0 1;  0.500  0 0 1;
  0.250  0-1 0;  0.500  0 1 0;  0.750  0-1 0;  0.000  1 0 0;  0.750 -1 0 0;
      B    Rot.      B    Rot.      B    Rot.      B    Rot.      B    Rot.
  0.500  0 1 0;  0.750  0-1 0;  0.750  0 1 0;  0.000  0-1 0;  0.250  0 1 0;
  0.750  0 0-1;  0.250  0 0-1;  0.250  1 0 0;  0.000 -1 0 0;  0.500 -1 0 0;
  0.250 -1 0 0;  0.500  1 0 0;  0.500  0 0-1;  0.000  0 0-1;  0.750  0 0 1;
      B    Rot.      B    Rot.      B    Rot.      B    Rot.      B    Rot.
  0.500  0-1 0;  0.750  1 0 0;  0.500 -1 0 0;  0.000 -1 0 0;  0.250  1 0 0;
  0.750  1 0 0;  0.250  0 0 1;  0.750  0 0 1;  0.000  0 0-1;  0.500  0 0-1;
  0.250  0 0 1;  0.500  0-1 0;  0.250  0 1 0;  0.000  0-1 0;  0.750  0 1 0;
      B    Rot.      B    Rot.      B    Rot.      B    Rot.
  0.750  0 0 1;  0.250  0 0 1;  0.500  0 0-1;  0.000  0 0-1;
  0.250  0 1 0;  0.500  0-1 0;  0.750  0 1 0;  0.000  0-1 0;
  0.500 -1 0 0;  0.750  1 0 0;  0.250  1 0 0;  0.000 -1 0 0;

 shifting:
 +0.000   +0.500   +0.500   +0.000  
 +0.000   +0.500   +0.000   +0.500  
 +0.000   +0.000   +0.500   +0.500  
**********************************************************************

**********************************************************************
atom Ho1:
type Ho3

        x       y       z   occ. mult.  bscat.(cm-12)
  0.50000 0.50000 0.50000  1.000    16  0.80100

 beta11 beta22 beta33 beta12 beta13 beta23
  0.000  0.000  0.000  0.000  0.000  0.000


    biso =  0.000 (Ang**2)
coeff j0  0.05660 18.31760  0.33650  7.68800  0.63170  2.94270 -0.02480
coeff j2  0.21880 18.51570  1.02400  6.70700  0.92510  2.16140  0.02680
lfactor = 2.00 kappa = 1.00

  chi11  chi22  chi33  chi12  chi13  chi23 (susceptibility, muB/T)
  3.887  3.887  3.887  3.636  3.636  3.636

Symmetry restriction on chi
     11  22  33  12  13  23  =  0
      1   0  -1   0   0   0 
      1  -1   0   0   0   0 
      0   1  -1   0   0   0 
      0   0   0   1  -1   0 
      0   0   0   0   1  -1 
      0   0   0   1   0  -1 

 magnetic form factor from sthovl (from 0.00 with step 0.01 Ang.):

  1.00  0.95  0.81  0.64  0.47  0.33  0.22  0.13  0.07  0.03
  1.00  0.94  0.79  0.62  0.46  0.32  0.21  0.13  0.07  0.03
  1.00  0.93  0.78  0.60  0.44  0.30  0.20  0.12  0.06  0.03
  1.00  0.91  0.76  0.59  0.42  0.29  0.19  0.11  0.06  0.03
  0.99  0.90  0.74  0.57  0.41  0.28  0.18  0.11  0.06  0.02
  0.99  0.89  0.73  0.55  0.40  0.27  0.17  0.10  0.05  0.02
  0.98  0.87  0.71  0.54  0.38  0.26  0.16  0.09  0.05  0.02
  0.97  0.86  0.69  0.52  0.37  0.25  0.15  0.09  0.04  0.02
  0.97  0.84  0.67  0.50  0.35  0.24  0.15  0.08  0.04  0.01
  0.96  0.83  0.66  0.49  0.34  0.23  0.14  0.08  0.04  0.01

 equivalent position of atom in unit cell with chi (in muB/T) and     f_mag_0 (in muB), it is not used, just for test
       x      y      z    chi11  chi22  chi33  chi12  chi13  chi23    mag_ia mag_ib mag_ic
   0.500  0.500  0.500    3.887  3.887  3.887  3.636  3.636  3.636     0.000  0.000  0.000 
   0.000  0.000  0.500    3.887  3.887  3.887  3.636  3.636  3.636     0.000  0.000  0.000 
   0.000  0.500  0.000    3.887  3.887  3.887  3.636  3.636  3.636     0.000  0.000  0.000 
   0.500  0.000  0.000    3.887  3.887  3.887  3.636  3.636  3.636     0.000  0.000  0.000 
   0.250  0.750  0.000    3.887  3.887  3.887  3.636 -3.636 -3.636     0.000  0.000  0.000 
   0.750  0.250  0.000    3.887  3.887  3.887  3.636 -3.636 -3.636     0.000  0.000  0.000 
   0.750  0.750  0.500    3.887  3.887  3.887  3.636 -3.636 -3.636     0.000  0.000  0.000 
   0.250  0.250  0.500    3.887  3.887  3.887  3.636 -3.636 -3.636     0.000  0.000  0.000 
   0.750  0.000  0.250    3.887  3.887  3.887 -3.636  3.636 -3.636     0.000  0.000  0.000 
   0.250  0.000  0.750    3.887  3.887  3.887 -3.636  3.636 -3.636     0.000  0.000  0.000 
   0.250  0.500  0.250    3.887  3.887  3.887 -3.636  3.636 -3.636     0.000  0.000  0.000 
   0.750  0.500  0.750    3.887  3.887  3.887 -3.636  3.636 -3.636     0.000  0.000  0.000 
   0.000  0.250  0.750    3.887  3.887  3.887 -3.636 -3.636  3.636     0.000  0.000  0.000 
   0.000  0.750  0.250    3.887  3.887  3.887 -3.636 -3.636  3.636     0.000  0.000  0.000 
   0.500  0.750  0.750    3.887  3.887  3.887 -3.636 -3.636  3.636     0.000  0.000  0.000 
   0.500  0.250  0.250    3.887  3.887  3.887 -3.636 -3.636  3.636     0.000  0.000  0.000 

 CHI in orthogonal coordinate system x||a* z||c (in 10**-12cm)
  1.048  0.980  0.980    1.048  0.980  0.980    1.048  0.980  0.980  
  0.980  1.048  0.980    0.980  1.048  0.980    0.980  1.048  0.980  
  0.980  0.980  1.048    0.980  0.980  1.048    0.980  0.980  1.048  
 
  1.048  0.980  0.980    1.048  0.980 -0.980    1.048  0.980 -0.980  
  0.980  1.048  0.980    0.980  1.048 -0.980    0.980  1.048 -0.980  
  0.980  0.980  1.048   -0.980 -0.980  1.048   -0.980 -0.980  1.048  
 
  1.048  0.980 -0.980    1.048  0.980 -0.980    1.048 -0.980  0.980  
  0.980  1.048 -0.980    0.980  1.048 -0.980   -0.980  1.048 -0.980  
 -0.980 -0.980  1.048   -0.980 -0.980  1.048    0.980 -0.980  1.048  
 
  1.048 -0.980  0.980    1.048 -0.980  0.980    1.048 -0.980  0.980  
 -0.980  1.048 -0.980   -0.980  1.048 -0.980   -0.980  1.048 -0.980  
  0.980 -0.980  1.048    0.980 -0.980  1.048    0.980 -0.980  1.048  
 
  1.048 -0.980 -0.980    1.048 -0.980 -0.980    1.048 -0.980 -0.980  
 -0.980  1.048  0.980   -0.980  1.048  0.980   -0.980  1.048  0.980  
 -0.980  0.980  1.048   -0.980  0.980  1.048   -0.980  0.980  1.048  
 
  1.048 -0.980 -0.980  
 -0.980  1.048  0.980  
 -0.980  0.980  1.048  
**********************************************************************

**********************************************************************
atom Ti1:
type O

        x       y       z   occ. mult.  bscat.(cm-12)
  0.00000 0.00000 0.00000  1.000    16  -0.34380

 beta11 beta22 beta33 beta12 beta13 beta23
  0.000  0.000  0.000  0.000  0.000  0.000


    biso =  0.000 (Ang**2)

 equivalent position of atom in unit cell
       x      y      z    
   0.000  0.000  0.000 
   0.500  0.500  0.000 
   0.500  0.000  0.500 
   0.000  0.500  0.500 
   0.750  0.250  0.500 
   0.250  0.750  0.500 
   0.250  0.250  0.000 
   0.750  0.750  0.000 
   0.250  0.500  0.750 
   0.750  0.500  0.250 
   0.750  0.000  0.750 
   0.250  0.000  0.250 
   0.500  0.750  0.250 
   0.500  0.250  0.750 
   0.000  0.250  0.250 
   0.000  0.750  0.750 
**********************************************************************

**********************************************************************
atom O1:
type O

        x       y       z   occ. mult.  bscat.(cm-12)
  0.32844 0.12500 0.12500  1.000    48  0.58030

 beta11 beta22 beta33 beta12 beta13 beta23
  0.000  0.000  0.000  0.000  0.000  0.000


    biso =  0.000 (Ang**2)

 equivalent position of atom in unit cell
       x      y      z    
   0.328  0.125  0.125 
   0.672  0.875  0.875 
   0.828  0.625  0.125 
   0.172  0.375  0.875 
   0.828  0.125  0.625 
   0.172  0.875  0.375 
   0.328  0.625  0.625 
   0.672  0.375  0.375 
   0.422  0.125  0.625 
   0.578  0.875  0.375 
   0.922  0.625  0.625 
   0.078  0.375  0.375 
   0.922  0.125  0.125 
   0.078  0.875  0.875 
   0.422  0.625  0.125 
   0.578  0.375  0.875 
   0.125  0.328  0.125 
   0.875  0.672  0.875 
   0.625  0.828  0.125 
   0.375  0.172  0.875 
   0.625  0.328  0.625 
   0.375  0.672  0.375 
   0.125  0.828  0.625 
   0.875  0.172  0.375 
   0.625  0.422  0.125 
   0.375  0.578  0.875 
   0.125  0.922  0.125 
   0.875  0.078  0.875 
   0.125  0.422  0.625 
   0.875  0.578  0.375 
   0.625  0.922  0.625 
   0.375  0.078  0.375 
   0.125  0.125  0.328 
   0.875  0.875  0.672 
   0.625  0.625  0.328 
   0.375  0.375  0.672 
   0.625  0.125  0.828 
   0.375  0.875  0.172 
   0.125  0.625  0.828 
   0.875  0.375  0.172 
   0.125  0.625  0.422 
   0.875  0.375  0.578 
   0.625  0.125  0.422 
   0.375  0.875  0.578 
   0.625  0.625  0.922 
   0.375  0.375  0.078 
   0.125  0.125  0.922 
   0.875  0.875  0.078 
**********************************************************************

**********************************************************************
atom O2:
type O

        x       y       z   occ. mult.  bscat.(cm-12)
  0.37500 0.37500 0.37500  1.000     8  0.58030

 beta11 beta22 beta33 beta12 beta13 beta23
  0.000  0.000  0.000  0.000  0.000  0.000


    biso =  0.000 (Ang**2)

 equivalent position of atom in unit cell
       x      y      z    
   0.375  0.375  0.375 
   0.625  0.625  0.625 
   0.875  0.875  0.375 
   0.125  0.125  0.625 
   0.875  0.375  0.875 
   0.125  0.625  0.125 
   0.375  0.875  0.875 
   0.625  0.125  0.125 


**********************************************************************
Information about experiments
**********************************************************************
Experiment pnd (powder):
wavelength =    0.84000
U =   21.64719, V =   -3.78052, W =    0.80229
x =    0.00000, y =    0.00000
zeroshift =   -0.43189; zshift_a =    0.01000;
asymmetry parameters:    1.06871    0.08418    0.00000    0.00000
polarization of beam:  p_up =    0.70268, p_down =    0.70268
**********************************************************************
Integral intensities for phase Ho2Ti2O7 (scale is  0.0120658):
(NUCL2, MSFp2 and cross are in 10-24cm)
Ig size is 
  0.00000
 
Extinction is 
  0.00000  0.00000  0.00000  0.00000  0.00000  0.00000
 
  h  k  l mult   ReFN    NUCL2    MSFp2     cross     sthovl
  1  1  1   8   6.761   45.710  243.706   211.091   0.084
  structure factor tensor in local Cartesian system
    8.0658,  -7.5453,  -7.5453    + j *   -0.0000,   0.0000,   0.0000
   -7.5453,   8.0658,  -7.5453    + j *    0.0000,  -0.0000,   0.0000
   -7.5453,  -7.5453,   8.0658    + j *    0.0000,   0.0000,  -0.0000
  structure factor tensor after T transformation (invT * SFT * T)
   15.6111,   0.0000,  -0.0000    + j *   -0.0000,  -0.0000,   0.0000
    0.0000,  15.6111,  -0.0000    + j *   -0.0000,  -0.0000,   0.0000
   -0.0000,  -0.0000,  -7.0247    + j *    0.0000,   0.0000,   0.0000
  matrix T
   -0.7071,  -0.4082,   0.5774
    0.7071,  -0.4082,   0.5774
    0.0000,   0.8165,   0.5774
 
  h  k  l mult   ReFN    NUCL2    MSFp2     cross     sthovl
  2  0  0   6  -0.000    0.000  222.048    -0.000   0.097
  structure factor tensor in local Cartesian system
    0.0000,   0.0000,   0.0000    + j *    0.0000,   0.0000,  -0.0000
    0.0000,  -0.0000,  14.9013    + j *    0.0000,   0.0000,  -0.0000
    0.0000,  14.9013,   0.0000    + j *   -0.0000,  -0.0000,   0.0000
  structure factor tensor after T transformation (invT * SFT * T)
   -0.0000,  14.9013,   0.0000    + j *    0.0000,  -0.0000,   0.0000
   14.9013,   0.0000,  -0.0000    + j *   -0.0000,   0.0000,   0.0000
    0.0000,  -0.0000,   0.0000    + j *    0.0000,   0.0000,   0.0000
  matrix T
    0.0000,  -0.0000,   1.0000
    1.0000,   0.0000,  -0.0000
    0.0000,   1.0000,   0.0000
 
  h  k  l mult   ReFN    NUCL2    MSFp2     cross     sthovl
  2  2  0  12   1.554    2.414  100.507   -22.026   0.137
  structure factor tensor in local Cartesian system
   -0.0000,  14.1779,   0.0000    + j *   -0.0000,  -0.0000,   0.0000
   14.1779,   0.0000,   0.0000    + j *   -0.0000,  -0.0000,   0.0000
    0.0000,   0.0000,  -0.0000    + j *    0.0000,   0.0000,  -0.0000
  structure factor tensor after T transformation (invT * SFT * T)
  -14.1779,   0.0000,   0.0000    + j *    0.0000,  -0.0000,  -0.0000
    0.0000,  -0.0000,   0.0000    + j *   -0.0000,  -0.0000,   0.0000
    0.0000,   0.0000,  14.1779    + j *   -0.0000,   0.0000,  -0.0000
  matrix T
   -0.7071,  -0.0000,   0.7071
    0.7071,  -0.0000,   0.7071
    0.0000,   1.0000,   0.0000
 
  h  k  l mult   ReFN    NUCL2    MSFp2     cross     sthovl
  3  1  1  24  -4.612   21.273  116.448    38.735   0.161
  structure factor tensor in local Cartesian system
   -7.3056,  -6.8341,  -6.8341    + j *    0.0000,  -0.0000,   0.0000
   -6.8341,  -7.3056,   6.8341    + j *   -0.0000,   0.0000,  -0.0000
   -6.8341,   6.8341,  -7.3056    + j *    0.0000,  -0.0000,   0.0000
  structure factor tensor after T transformation (invT * SFT * T)
   -3.2052,   9.8908,  -2.6064    + j *    0.0000,  -0.0000,  -0.0000
    9.8908,  -5.1933,  -2.3576    + j *   -0.0000,   0.0000,   0.0000
   -2.6064,  -2.3576, -13.5185    + j *   -0.0000,   0.0000,   0.0000
  matrix T
   -0.3162,  -0.2860,   0.9045
    0.9487,  -0.0953,   0.3015
    0.0000,   0.9535,   0.3015
 
  h  k  l mult   ReFN    NUCL2    MSFp2     cross     sthovl
  2  2  2   8   7.315   53.512  208.396   211.204   0.168
  structure factor tensor in local Cartesian system
   14.4359,   0.0000,   0.0000    + j *   -0.0000,   0.0000,   0.0000
    0.0000,  14.4359,   0.0000    + j *    0.0000,  -0.0000,   0.0000
    0.0000,   0.0000,  14.4359    + j *    0.0000,   0.0000,  -0.0000
  structure factor tensor after T transformation (invT * SFT * T)
   14.4359,   0.0000,  -0.0000    + j *   -0.0000,  -0.0000,   0.0000
    0.0000,  14.4359,  -0.0000    + j *   -0.0000,  -0.0000,   0.0000
   -0.0000,  -0.0000,  14.4359    + j *    0.0000,   0.0000,  -0.0000
  matrix T
   -0.7071,  -0.4082,   0.5774
    0.7071,  -0.4082,   0.5774
    0.0000,   0.8165,   0.5774
 
  h  k  l mult   ReFN    NUCL2    MSFp2     cross     sthovl
  4  0  0   6 -19.518  380.942  189.444  -537.279   0.194
  structure factor tensor in local Cartesian system
   13.7639,   0.0000,   0.0000    + j *   -0.0000,  -0.0000,  -0.0000
    0.0000,  13.7639,   0.0000    + j *   -0.0000,  -0.0000,   0.0000
    0.0000,   0.0000,  13.7639    + j *   -0.0000,   0.0000,  -0.0000
  structure factor tensor after T transformation (invT * SFT * T)
   13.7639,   0.0000,   0.0000    + j *   -0.0000,   0.0000,  -0.0000
    0.0000,  13.7639,   0.0000    + j *    0.0000,  -0.0000,  -0.0000
    0.0000,   0.0000,  13.7639    + j *   -0.0000,  -0.0000,  -0.0000
  matrix T
    0.0000,  -0.0000,   1.0000
    1.0000,   0.0000,  -0.0000
    0.0000,   1.0000,   0.0000
 
  h  k  l mult   ReFN    NUCL2    MSFp2     cross     sthovl
  3  3  1  24 -20.648  426.349   85.547   314.913   0.211
  structure factor tensor in local Cartesian system
   -6.6443,   6.2155,  -6.2155    + j *    0.0000,  -0.0000,   0.0000
    6.2155,  -6.6443,  -6.2155    + j *   -0.0000,   0.0000,   0.0000
   -6.2155,  -6.2155,  -6.6443    + j *    0.0000,   0.0000,   0.0000
  structure factor tensor after T transformation (invT * SFT * T)
  -12.8598,  -0.0000,   0.0000    + j *    0.0000,   0.0000,  -0.0000
   -0.0000,  -2.3916,  -9.2526    + j *    0.0000,   0.0000,   0.0000
    0.0000,  -9.2526,  -4.6815    + j *   -0.0000,   0.0000,   0.0000
  matrix T
   -0.7071,  -0.1622,   0.6882
    0.7071,  -0.1622,   0.6882
    0.0000,   0.9733,   0.2294
 
  h  k  l mult   ReFN    NUCL2    MSFp2     cross     sthovl
  4  2  0  24  -0.000    0.000   30.197    -0.000   0.217
  structure factor tensor in local Cartesian system
   -0.0000,  -0.0000,  12.2875    + j *    0.0000,   0.0000,  -0.0000
   -0.0000,   0.0000,   0.0000    + j *    0.0000,   0.0000,  -0.0000
   12.2875,   0.0000,   0.0000    + j *   -0.0000,  -0.0000,   0.0000
  structure factor tensor after T transformation (invT * SFT * T)
    0.0000,  -5.4952,  -0.0000    + j *   -0.0000,   0.0000,   0.0000
   -5.4952,   0.0000,  10.9903    + j *    0.0000,   0.0000,  -0.0000
   -0.0000,  10.9903,   0.0000    + j *    0.0000,  -0.0000,   0.0000
  matrix T
   -0.4472,  -0.0000,   0.8944
    0.8944,  -0.0000,   0.4472
    0.0000,   1.0000,   0.0000
 
  h  k  l mult   ReFN    NUCL2    MSFp2     cross     sthovl
  4  2  2  24  -7.217   52.091   99.483    28.236   0.238
  structure factor tensor in local Cartesian system
    0.0000,   0.0000,   0.0000    + j *    0.0000,   0.0000,   0.0000
    0.0000,  -0.0000,  11.7365    + j *    0.0000,   0.0000,  -0.0000
    0.0000,  11.7365,   0.0000    + j *    0.0000,  -0.0000,   0.0000
  structure factor tensor after T transformation (invT * SFT * T)
   -0.0000,   9.5828,   4.2856    + j *    0.0000,  -0.0000,  -0.0000
    9.5828,  -3.9122,   3.4991    + j *   -0.0000,   0.0000,  -0.0000
    4.2856,   3.4991,   3.9122    + j *   -0.0000,  -0.0000,   0.0000
  matrix T
   -0.4472,  -0.3651,   0.8165
    0.8944,  -0.1826,   0.4082
    0.0000,   0.9129,   0.4082
 
  h  k  l mult   ReFN    NUCL2    MSFp2     cross     sthovl
  5  1  1  24  16.190  262.101   81.445   271.182   0.252
  structure factor tensor in local Cartesian system
    6.0641,  -5.6727,  -5.6727    + j *   -0.0000,   0.0000,   0.0000
   -5.6727,   6.0641,  -5.6727    + j *    0.0000,  -0.0000,   0.0000
   -5.6727,  -5.6727,   6.0641    + j *    0.0000,   0.0000,  -0.0000
  structure factor tensor after T transformation (invT * SFT * T)
    8.2459,  -3.3591,  -5.9949    + j *   -0.0000,   0.0000,   0.0000
   -3.3591,   8.5045,  -5.7686    + j *    0.0000,  -0.0000,   0.0000
   -5.9949,  -5.7686,   1.4419    + j *    0.0000,   0.0000,  -0.0000
  matrix T
   -0.1961,  -0.1887,   0.9623
    0.9806,  -0.0377,   0.1925
    0.0000,   0.9813,   0.1925
 
  h  k  l mult   ReFN    NUCL2    MSFp2     cross     sthovl
  3  3  3   8  -9.275   86.027  137.754  -217.720   0.252
  structure factor tensor in local Cartesian system
    6.0641,  -5.6727,  -5.6727    + j *   -0.0000,   0.0000,   0.0000
   -5.6727,   6.0641,  -5.6727    + j *    0.0000,  -0.0000,   0.0000
   -5.6727,  -5.6727,   6.0641    + j *    0.0000,   0.0000,  -0.0000
  structure factor tensor after T transformation (invT * SFT * T)
   11.7369,   0.0000,  -0.0000    + j *   -0.0000,  -0.0000,   0.0000
    0.0000,  11.7369,  -0.0000    + j *   -0.0000,  -0.0000,   0.0000
   -0.0000,  -0.0000,  -5.2814    + j *    0.0000,   0.0000,   0.0000
  matrix T
   -0.7071,  -0.4082,   0.5774
    0.7071,  -0.4082,   0.5774
    0.0000,   0.8165,   0.5774
 
  h  k  l mult   ReFN    NUCL2    MSFp2     cross     sthovl
  4  4  0  12  28.484  811.354  131.630   653.600   0.274
  structure factor tensor in local Cartesian system
   11.4730,   0.0000,   0.0000    + j *   -0.0000,  -0.0000,   0.0000
    0.0000,  11.4730,   0.0000    + j *   -0.0000,  -0.0000,   0.0000
    0.0000,   0.0000,  11.4730    + j *    0.0000,   0.0000,  -0.0000
  structure factor tensor after T transformation (invT * SFT * T)
   11.4730,  -0.0000,  -0.0000    + j *   -0.0000,   0.0000,   0.0000
   -0.0000,  11.4730,   0.0000    + j *    0.0000,  -0.0000,   0.0000
   -0.0000,   0.0000,  11.4730    + j *    0.0000,   0.0000,  -0.0000
  matrix T
   -0.7071,  -0.0000,   0.7071
    0.7071,  -0.0000,   0.7071
    0.0000,   1.0000,   0.0000
 
  h  k  l mult   ReFN    NUCL2    MSFp2     cross     sthovl
  5  3  1  48  -9.071   82.281   63.846    65.719   0.287
  structure factor tensor in local Cartesian system
   -5.5514,  -5.1931,   5.1931    + j *    0.0000,   0.0000,  -0.0000
   -5.1931,  -5.5514,  -5.1931    + j *    0.0000,   0.0000,   0.0000
    5.1931,  -5.1931,  -5.5514    + j *   -0.0000,   0.0000,   0.0000
  structure factor tensor after T transformation (invT * SFT * T)
   -0.9692,  -6.6093,  -3.6130    + j *    0.0000,   0.0000,   0.0000
   -6.6093,  -6.2758,   2.4428    + j *    0.0000,   0.0000,  -0.0000
   -3.6130,   2.4428,  -9.4092    + j *    0.0000,  -0.0000,   0.0000
  matrix T
   -0.5145,  -0.1449,   0.8452
    0.8575,  -0.0870,   0.5071
    0.0000,   0.9856,   0.1690
 
  h  k  l mult   ReFN    NUCL2    MSFp2     cross     sthovl
  6  0  0   6  -0.000    0.000  105.559    -0.000   0.291
  structure factor tensor in local Cartesian system
    0.0000,   0.0000,  -0.0000    + j *    0.0000,   0.0000,   0.0000
    0.0000,  -0.0000,  10.2742    + j *    0.0000,   0.0000,  -0.0000
   -0.0000,  10.2742,   0.0000    + j *    0.0000,  -0.0000,   0.0000
  structure factor tensor after T transformation (invT * SFT * T)
   -0.0000,  10.2742,   0.0000    + j *    0.0000,  -0.0000,  -0.0000
   10.2742,   0.0000,  -0.0000    + j *   -0.0000,   0.0000,   0.0000
    0.0000,  -0.0000,   0.0000    + j *   -0.0000,   0.0000,   0.0000
  matrix T
    0.0000,  -0.0000,   1.0000
    1.0000,   0.0000,  -0.0000
    0.0000,   1.0000,   0.0000
 
  h  k  l mult   ReFN    NUCL2    MSFp2     cross     sthovl
  4  4  2  24  -0.000    0.000   53.431     0.000   0.291
  structure factor tensor in local Cartesian system
   -0.0000,  10.2742,   0.0000    + j *   -0.0000,  -0.0000,   0.0000
   10.2742,   0.0000,   0.0000    + j *   -0.0000,  -0.0000,   0.0000
    0.0000,   0.0000,  -0.0000    + j *    0.0000,   0.0000,  -0.0000
  structure factor tensor after T transformation (invT * SFT * T)
  -10.2742,  -0.0000,   0.0000    + j *    0.0000,  -0.0000,   0.0000
   -0.0000,   1.1416,  -3.2289    + j *   -0.0000,  -0.0000,   0.0000
    0.0000,  -3.2289,   9.1326    + j *    0.0000,   0.0000,  -0.0000
  matrix T
   -0.7071,  -0.2357,   0.6667
    0.7071,  -0.2357,   0.6667
    0.0000,   0.9428,   0.3333
 
  h  k  l mult   ReFN    NUCL2    MSFp2     cross     sthovl
  6  2  0  24   7.890   62.251   17.435   -46.590   0.307
  structure factor tensor in local Cartesian system
    0.0000,   9.8417,   0.0000    + j *    0.0000,  -0.0000,   0.0000
    9.8417,   0.0000,   0.0000    + j *   -0.0000,   0.0000,  -0.0000
    0.0000,   0.0000,   0.0000    + j *    0.0000,  -0.0000,   0.0000
  structure factor tensor after T transformation (invT * SFT * T)
   -5.9050,   0.0000,   7.8734    + j *    0.0000,  -0.0000,  -0.0000
    0.0000,   0.0000,   0.0000    + j *   -0.0000,   0.0000,   0.0000
    7.8734,   0.0000,   5.9050    + j *   -0.0000,   0.0000,  -0.0000
  matrix T
   -0.3162,  -0.0000,   0.9487
    0.9487,  -0.0000,   0.3162
    0.0000,   1.0000,   0.0000
 
  h  k  l mult   ReFN    NUCL2    MSFp2     cross     sthovl
  5  3  3  24  -2.302    5.300   57.990    12.743   0.318
  structure factor tensor in local Cartesian system
   -5.0954,  -4.7665,  -4.7665    + j *    0.0000,   0.0000,   0.0000
   -4.7665,  -5.0954,   4.7665    + j *    0.0000,   0.0000,  -0.0000
   -4.7665,   4.7665,  -5.0954    + j *    0.0000,  -0.0000,   0.0000
  structure factor tensor after T transformation (invT * SFT * T)
   -0.8896,   6.8413,   0.9973    + j *    0.0000,  -0.0000,  -0.0000
    6.8413,  -4.6455,   0.7604    + j *   -0.0000,   0.0000,  -0.0000
    0.9973,   0.7604,  -9.7511    + j *   -0.0000,  -0.0000,   0.0000
  matrix T
   -0.5145,  -0.3923,   0.7625
    0.8575,  -0.2354,   0.4575
    0.0000,   0.8892,   0.4575
 
  h  k  l mult   ReFN    NUCL2    MSFp2     cross     sthovl
  6  2  2  24   7.315   53.512  101.684   147.531   0.322
  structure factor tensor in local Cartesian system
   10.0839,   0.0000,   0.0000    + j *   -0.0000,   0.0000,  -0.0000
    0.0000,  10.0839,   0.0000    + j *    0.0000,  -0.0000,   0.0000
    0.0000,   0.0000,  10.0839    + j *   -0.0000,   0.0000,  -0.0000
  structure factor tensor after T transformation (invT * SFT * T)
   10.0839,   0.0000,  -0.0000    + j *   -0.0000,   0.0000,   0.0000
    0.0000,  10.0839,  -0.0000    + j *    0.0000,  -0.0000,  -0.0000
   -0.0000,  -0.0000,  10.0839    + j *    0.0000,  -0.0000,  -0.0000
  matrix T
   -0.3162,  -0.2860,   0.9045
    0.9487,  -0.0953,   0.3015
    0.0000,   0.9535,   0.3015
 
  h  k  l mult   ReFN    NUCL2    MSFp2     cross     sthovl
  4  4  4   8  -8.190   67.076   93.520  -158.404   0.336
  structure factor tensor in local Cartesian system
    9.6706,   0.0000,   0.0000    + j *   -0.0000,   0.0000,   0.0000
    0.0000,   9.6706,   0.0000    + j *    0.0000,  -0.0000,   0.0000
    0.0000,   0.0000,   9.6706    + j *    0.0000,   0.0000,  -0.0000
  structure factor tensor after T transformation (invT * SFT * T)
    9.6706,   0.0000,  -0.0000    + j *   -0.0000,  -0.0000,   0.0000
    0.0000,   9.6706,  -0.0000    + j *   -0.0000,  -0.0000,   0.0000
   -0.0000,  -0.0000,   9.6706    + j *    0.0000,   0.0000,  -0.0000
  matrix T
   -0.7071,  -0.4082,   0.5774
    0.7071,  -0.4082,   0.5774
    0.0000,   0.8165,   0.5774
 
  h  k  l mult   ReFN    NUCL2    MSFp2     cross     sthovl
  5  5  1  24  -2.506    6.282   61.133   -38.582   0.346
  structure factor tensor in local Cartesian system
    4.6875,  -4.3850,  -4.3850    + j *   -0.0000,   0.0000,   0.0000
   -4.3850,   4.6875,  -4.3850    + j *    0.0000,  -0.0000,   0.0000
   -4.3850,  -4.3850,   4.6875    + j *    0.0000,   0.0000,  -0.0000
  structure factor tensor after T transformation (invT * SFT * T)
    9.0725,   0.0000,  -0.0000    + j *   -0.0000,  -0.0000,   0.0000
    0.0000,   6.3211,  -5.3501    + j *   -0.0000,  -0.0000,   0.0000
   -0.0000,  -5.3501,  -1.3311    + j *    0.0000,   0.0000,   0.0000
  matrix T
   -0.7071,  -0.0990,   0.7001
    0.7071,  -0.0990,   0.7001
    0.0000,   0.9901,   0.1400
 
  h  k  l mult   ReFN    NUCL2    MSFp2     cross     sthovl
  7  1  1  24 -14.487  209.866   43.023   103.428   0.346
  structure factor tensor in local Cartesian system
   -4.6875,  -4.3850,  -4.3850    + j *   -0.0000,   0.0000,   0.0000
   -4.3850,  -4.6875,   4.3850    + j *    0.0000,  -0.0000,   0.0000
   -4.3850,   4.3850,  -4.6875    + j *    0.0000,   0.0000,  -0.0000
  structure factor tensor after T transformation (invT * SFT * T)
   -3.4597,   5.5016,  -3.4734    + j *   -0.0000,   0.0000,   0.0000
    5.5016,  -3.6798,  -3.4046    + j *    0.0000,  -0.0000,   0.0000
   -3.4734,  -3.4046,  -6.9230    + j *    0.0000,   0.0000,  -0.0000
  matrix T
   -0.1414,  -0.1386,   0.9802
    0.9899,  -0.0198,   0.1400
    0.0000,   0.9901,   0.1400
 
  h  k  l mult   ReFN    NUCL2    MSFp2     cross     sthovl
  6  4  0  24  -0.000    0.000   52.163    -0.000   0.350
  structure factor tensor in local Cartesian system
    0.0000,  -0.0000,   0.0000    + j *    0.0000,   0.0000,  -0.0000
   -0.0000,   0.0000,   8.6802    + j *    0.0000,   0.0000,  -0.0000
    0.0000,   8.6802,   0.0000    + j *   -0.0000,  -0.0000,   0.0000
  structure factor tensor after T transformation (invT * SFT * T)
    0.0000,   7.2224,   0.0000    + j *   -0.0000,  -0.0000,   0.0000
    7.2224,   0.0000,   4.8149    + j *   -0.0000,   0.0000,  -0.0000
    0.0000,   4.8149,   0.0000    + j *    0.0000,  -0.0000,   0.0000
  matrix T
   -0.5547,  -0.0000,   0.8321
    0.8321,  -0.0000,   0.5547
    0.0000,   1.0000,   0.0000
 
  h  k  l mult   ReFN    NUCL2    MSFp2     cross     sthovl
  6  4  2  48  -2.226    4.955   26.216     7.950   0.363
  structure factor tensor in local Cartesian system
    0.0000,   0.0000,   8.3328    + j *    0.0000,   0.0000,  -0.0000
    0.0000,  -0.0000,   0.0000    + j *    0.0000,   0.0000,  -0.0000
    8.3328,   0.0000,   0.0000    + j *   -0.0000,  -0.0000,   0.0000
  structure factor tensor after T transformation (invT * SFT * T)
   -0.0000,  -4.4541,  -1.2353    + j *    0.0000,   0.0000,   0.0000
   -4.4541,  -3.5712,   5.9429    + j *    0.0000,   0.0000,  -0.0000
   -1.2353,   5.9429,   3.5712    + j *    0.0000,  -0.0000,   0.0000
  matrix T
   -0.5547,  -0.2224,   0.8018
    0.8321,  -0.1482,   0.5345
    0.0000,   0.9636,   0.2673
 
  h  k  l mult   ReFN    NUCL2    MSFp2     cross     sthovl
  5  5  3  24 -13.880  192.642   35.050   110.433   0.372
  structure factor tensor in local Cartesian system
   -4.3208,   4.0419,  -4.0419    + j *    0.0000,  -0.0000,   0.0000
    4.0419,  -4.3208,  -4.0419    + j *   -0.0000,   0.0000,   0.0000
   -4.0419,  -4.0419,  -4.3208    + j *    0.0000,   0.0000,   0.0000
  structure factor tensor after T transformation (invT * SFT * T)
   -8.3627,  -0.0000,   0.0000    + j *    0.0000,   0.0000,  -0.0000
   -0.0000,   0.4062,  -5.4255    + j *    0.0000,   0.0000,   0.0000
    0.0000,  -5.4255,  -5.0059    + j *   -0.0000,   0.0000,  -0.0000
  matrix T
   -0.7071,  -0.2762,   0.6509
    0.7071,  -0.2762,   0.6509
    0.0000,   0.9206,   0.3906
 
  h  k  l mult   ReFN    NUCL2    MSFp2     cross     sthovl
  7  3  1  48   3.114    9.694   36.563   -31.599   0.372
  structure factor tensor in local Cartesian system
   -4.3208,   4.0419,  -4.0419    + j *    0.0000,  -0.0000,   0.0000
    4.0419,  -4.3208,  -4.0419    + j *   -0.0000,   0.0000,   0.0000
   -4.0419,  -4.0419,  -4.3208    + j *    0.0000,   0.0000,   0.0000
  structure factor tensor after T transformation (invT * SFT * T)
   -7.2477,  -2.4678,   2.4874    + j *    0.0000,   0.0000,  -0.0000
   -2.4678,  -2.9010,  -5.5052    + j *    0.0000,   0.0000,   0.0000
    2.4874,  -5.5052,  -2.8136    + j *   -0.0000,   0.0000,   0.0000
  matrix T
   -0.3939,  -0.1197,   0.9113
    0.9191,  -0.0513,   0.3906
    0.0000,   0.9915,   0.1302
 
  h  k  l mult   ReFN    NUCL2    MSFp2     cross     sthovl
  8  0  0   6  24.067  579.203   67.569   395.656   0.388
  structure factor tensor in local Cartesian system
    8.2200,   0.0000,   0.0000    + j *   -0.0000,  -0.0000,  -0.0000
    0.0000,   8.2200,   0.0000    + j *   -0.0000,  -0.0000,   0.0000
    0.0000,   0.0000,   8.2200    + j *   -0.0000,   0.0000,  -0.0000
  structure factor tensor after T transformation (invT * SFT * T)
    8.2200,   0.0000,   0.0000    + j *   -0.0000,   0.0000,  -0.0000
    0.0000,   8.2200,   0.0000    + j *    0.0000,  -0.0000,  -0.0000
    0.0000,   0.0000,   8.2200    + j *   -0.0000,  -0.0000,  -0.0000
  matrix T
    0.0000,  -0.0000,   1.0000
    1.0000,   0.0000,  -0.0000
    0.0000,   1.0000,   0.0000
 
  h  k  l mult   ReFN    NUCL2    MSFp2     cross     sthovl
  7  3  3  24  28.374  805.086   47.452   387.626   0.397
  structure factor tensor in local Cartesian system
    3.9897,  -3.7322,  -3.7322    + j *   -0.0000,   0.0000,  -0.0000
   -3.7322,   3.9897,  -3.7322    + j *    0.0000,  -0.0000,  -0.0000
   -3.7322,  -3.7322,   3.9897    + j *   -0.0000,  -0.0000,  -0.0000
  structure factor tensor after T transformation (invT * SFT * T)
    6.6923,  -0.8805,  -3.1133    + j *   -0.0000,  -0.0000,   0.0000
   -0.8805,   6.9689,  -2.6624    + j *   -0.0000,  -0.0000,  -0.0000
   -3.1133,  -2.6624,  -1.6922    + j *    0.0000,  -0.0000,  -0.0000
  matrix T
   -0.3939,  -0.3369,   0.8552
    0.9191,  -0.1444,   0.3665
    0.0000,   0.9304,   0.3665
 
  h  k  l mult   ReFN    NUCL2    MSFp2     cross     sthovl
  8  2  0  24  -0.000    0.000    3.214    -0.000   0.400
  structure factor tensor in local Cartesian system
    0.0000,   0.0000,   7.3912    + j *    0.0000,   0.0000,  -0.0000
    0.0000,  -0.0000,   0.0000    + j *    0.0000,   0.0000,   0.0000
    7.3912,   0.0000,   0.0000    + j *   -0.0000,   0.0000,   0.0000
  structure factor tensor after T transformation (invT * SFT * T)
   -0.0000,  -1.7926,  -0.0000    + j *    0.0000,   0.0000,   0.0000
   -1.7926,   0.0000,   7.1705    + j *    0.0000,   0.0000,  -0.0000
   -0.0000,   7.1705,   0.0000    + j *    0.0000,  -0.0000,   0.0000
  matrix T
   -0.2425,  -0.0000,   0.9701
    0.9701,  -0.0000,   0.2425
    0.0000,   1.0000,   0.0000
 
  h  k  l mult   ReFN    NUCL2    MSFp2     cross     sthovl
  6  4  4  24  -0.000    0.000   34.971     0.000   0.400
  structure factor tensor in local Cartesian system
    0.0000,  -0.0000,   0.0000    + j *    0.0000,   0.0000,  -0.0000
   -0.0000,  -0.0000,   7.3912    + j *    0.0000,   0.0000,  -0.0000
    0.0000,   7.3912,   0.0000    + j *   -0.0000,  -0.0000,   0.0000
  structure factor tensor after T transformation (invT * SFT * T)
   -0.0000,   5.3779,   2.9831    + j *    0.0000,  -0.0000,  -0.0000
    5.3779,  -3.4782,   2.1705    + j *   -0.0000,   0.0000,  -0.0000
    2.9831,   2.1705,   3.4782    + j *   -0.0000,  -0.0000,   0.0000
  matrix T
   -0.5547,  -0.4036,   0.7276
    0.8321,  -0.2691,   0.4851
    0.0000,   0.8745,   0.4851
 
  h  k  l mult   ReFN    NUCL2    MSFp2     cross     sthovl
  6  6  0  12 -17.333  300.447   25.256   123.192   0.411
  structure factor tensor in local Cartesian system
    0.0000,   7.1072,   0.0000    + j *    0.0000,  -0.0000,   0.0000
    7.1072,   0.0000,   0.0000    + j *   -0.0000,   0.0000,   0.0000
    0.0000,   0.0000,  -0.0000    + j *    0.0000,   0.0000,   0.0000
  structure factor tensor after T transformation (invT * SFT * T)
   -7.1072,   0.0000,   0.0000    + j *    0.0000,  -0.0000,  -0.0000
    0.0000,  -0.0000,   0.0000    + j *   -0.0000,   0.0000,   0.0000
    0.0000,   0.0000,   7.1072    + j *   -0.0000,   0.0000,  -0.0000
  matrix T
   -0.7071,  -0.0000,   0.7071
    0.7071,  -0.0000,   0.7071
    0.0000,   1.0000,   0.0000
 
  h  k  l mult   ReFN    NUCL2    MSFp2     cross     sthovl
  8  2  2  24  17.299  299.254   45.211   -13.661   0.411
  structure factor tensor in local Cartesian system
    0.0000,  -0.0000,  -0.0000    + j *   -0.0000,   0.0000,   0.0000
   -0.0000,  -0.0000,   7.1072    + j *    0.0000,  -0.0000,  -0.0000
   -0.0000,   7.1072,   0.0000    + j *    0.0000,  -0.0000,  -0.0000
  structure factor tensor after T transformation (invT * SFT * T)
    0.0000,   6.7007,   1.6252    + j *   -0.0000,  -0.0000,   0.0000
    6.7007,  -0.7897,   1.5322    + j *   -0.0000,  -0.0000,  -0.0000
    1.6252,   1.5322,   0.7897    + j *    0.0000,  -0.0000,  -0.0000
  matrix T
   -0.2425,  -0.2287,   0.9428
    0.9701,  -0.0572,   0.2357
    0.0000,   0.9718,   0.2357
 
  h  k  l mult   ReFN    NUCL2    MSFp2     cross     sthovl
  5  5  5   8  25.457  648.052   50.994   363.576   0.420
  structure factor tensor in local Cartesian system
    3.6896,  -3.4515,  -3.4515    + j *   -0.0000,   0.0000,   0.0000
   -3.4515,   3.6896,  -3.4515    + j *    0.0000,  -0.0000,   0.0000
   -3.4515,  -3.4515,   3.6896    + j *    0.0000,   0.0000,  -0.0000
  structure factor tensor after T transformation (invT * SFT * T)
    7.1410,   0.0000,  -0.0000    + j *   -0.0000,  -0.0000,   0.0000
    0.0000,   7.1410,  -0.0000    + j *   -0.0000,  -0.0000,  -0.0000
   -0.0000,  -0.0000,  -3.2133    + j *    0.0000,  -0.0000,   0.0000
  matrix T
   -0.7071,  -0.4082,   0.5774
    0.7071,  -0.4082,   0.5774
    0.0000,   0.8165,   0.5774
 
  h  k  l mult   ReFN    NUCL2    MSFp2     cross     sthovl
  7  5  1  48  -8.464   71.634   30.513    33.632   0.420
  structure factor tensor in local Cartesian system
   -3.6896,  -3.4515,  -3.4515    + j *   -0.0000,   0.0000,  -0.0000
   -3.4515,  -3.6896,   3.4515    + j *    0.0000,  -0.0000,  -0.0000
   -3.4515,   3.4515,  -3.6896    + j *   -0.0000,  -0.0000,  -0.0000
  structure factor tensor after T transformation (invT * SFT * T)
   -0.4247,   4.9117,  -0.5560    + j *   -0.0000,  -0.0000,   0.0000
    4.9117,  -3.5490,  -0.4066    + j *   -0.0000,   0.0000,  -0.0000
   -0.5560,  -0.4066,  -7.0950    + j *    0.0000,  -0.0000,   0.0000
  matrix T
   -0.5812,  -0.0940,   0.8083
    0.8137,  -0.0671,   0.5774
    0.0000,   0.9933,   0.1155
 
  h  k  l mult   ReFN    NUCL2    MSFp2     cross     sthovl
  6  6  2  24   7.315   53.512   53.408   106.920   0.423
  structure factor tensor in local Cartesian system
    7.3081,   0.0000,   0.0000    + j *   -0.0000,   0.0000,   0.0000
    0.0000,   7.3081,   0.0000    + j *    0.0000,  -0.0000,   0.0000
    0.0000,   0.0000,   7.3081    + j *    0.0000,   0.0000,  -0.0000
  structure factor tensor after T transformation (invT * SFT * T)
    7.3081,   0.0000,  -0.0000    + j *   -0.0000,  -0.0000,   0.0000
    0.0000,   7.3081,  -0.0000    + j *   -0.0000,  -0.0000,   0.0000
   -0.0000,  -0.0000,   7.3081    + j *    0.0000,   0.0000,  -0.0000
  matrix T
   -0.7071,  -0.1622,   0.6882
    0.7071,  -0.1622,   0.6882
    0.0000,   0.9733,   0.2294
 
  h  k  l mult   ReFN    NUCL2    MSFp2     cross     sthovl
  8  4  0  24  -3.772   14.231   49.449   -53.054   0.434
  structure factor tensor in local Cartesian system
    7.0320,   0.0000,   0.0000    + j *   -0.0000,  -0.0000,   0.0000
    0.0000,   7.0320,   0.0000    + j *   -0.0000,  -0.0000,   0.0000
    0.0000,   0.0000,   7.0320    + j *    0.0000,   0.0000,  -0.0000
  structure factor tensor after T transformation (invT * SFT * T)
    7.0320,  -0.0000,  -0.0000    + j *   -0.0000,   0.0000,   0.0000
   -0.0000,   7.0320,   0.0000    + j *    0.0000,  -0.0000,   0.0000
   -0.0000,   0.0000,   7.0320    + j *    0.0000,   0.0000,  -0.0000
  matrix T
   -0.4472,  -0.0000,   0.8944
    0.8944,  -0.0000,   0.4472
    0.0000,   1.0000,   0.0000
 
  h  k  l mult   ReFN    NUCL2    MSFp2     cross     sthovl
  9  1  1  24   5.457   29.777   23.281    45.272   0.442
  structure factor tensor in local Cartesian system
    3.4166,  -3.1961,  -3.1961    + j *   -0.0000,   0.0000,   0.0000
   -3.1961,   3.4166,  -3.1961    + j *    0.0000,  -0.0000,   0.0000
   -3.1961,  -3.1961,   3.4166    + j *    0.0000,   0.0000,  -0.0000
  structure factor tensor after T transformation (invT * SFT * T)
    4.1181,  -2.4643,  -3.4092    + j *   -0.0000,   0.0000,   0.0000
   -2.4643,   4.1783,  -3.3679    + j *    0.0000,  -0.0000,   0.0000
   -3.4092,  -3.3679,   1.9533    + j *    0.0000,   0.0000,  -0.0000
  matrix T
   -0.1104,  -0.1091,   0.9879
    0.9939,  -0.0121,   0.1098
    0.0000,   0.9940,   0.1098
 
  h  k  l mult   ReFN    NUCL2    MSFp2     cross     sthovl
  7  5  3  48 -16.797  282.130   23.889    77.261   0.442
  structure factor tensor in local Cartesian system
   -3.4166,  -3.1961,   3.1961    + j *    0.0000,   0.0000,  -0.0000
   -3.1961,  -3.4166,  -3.1961    + j *    0.0000,   0.0000,   0.0000
    3.1961,  -3.1961,  -3.4166    + j *   -0.0000,   0.0000,   0.0000
  structure factor tensor after T transformation (invT * SFT * T)
   -0.3933,  -3.8684,  -2.4469    + j *    0.0000,   0.0000,   0.0000
   -3.8684,  -4.2065,   1.5220    + j *    0.0000,   0.0000,   0.0000
   -2.4469,   1.5220,  -5.6500    + j *    0.0000,   0.0000,   0.0000
  matrix T
   -0.5812,  -0.2680,   0.7683
    0.8137,  -0.1914,   0.5488
    0.0000,   0.9442,   0.3293
 
  h  k  l mult   ReFN    NUCL2    MSFp2     cross     sthovl
  8  4  2  48  -0.000    0.000   13.545     0.000   0.444
  structure factor tensor in local Cartesian system
    0.0000,   6.3316,   0.0000    + j *    0.0000,  -0.0000,   0.0000
    6.3316,   0.0000,   0.0000    + j *   -0.0000,   0.0000,   0.0000
    0.0000,   0.0000,  -0.0000    + j *    0.0000,   0.0000,   0.0000
  structure factor tensor after T transformation (invT * SFT * T)
   -5.0652,  -0.8290,   3.7074    + j *    0.0000,   0.0000,  -0.0000
   -0.8290,   0.2412,  -1.0787    + j *    0.0000,  -0.0000,   0.0000
    3.7074,  -1.0787,   4.8240    + j *   -0.0000,   0.0000,  -0.0000
  matrix T
   -0.4472,  -0.1952,   0.8729
    0.8944,  -0.0976,   0.4364
    0.0000,   0.9759,   0.2182
 
  h  k  l mult   ReFN    NUCL2    MSFp2     cross     sthovl
  6  6  4  24  11.670  136.179   19.195   -58.203   0.455
  structure factor tensor in local Cartesian system
    0.0000,   6.0960,   0.0000    + j *    0.0000,  -0.0000,   0.0000
    6.0960,   0.0000,   0.0000    + j *   -0.0000,   0.0000,   0.0000
    0.0000,   0.0000,   0.0000    + j *    0.0000,   0.0000,   0.0000
  structure factor tensor after T transformation (invT * SFT * T)
   -6.0960,   0.0000,  -0.0000    + j *    0.0000,  -0.0000,  -0.0000
    0.0000,   1.1084,  -2.3512    + j *   -0.0000,  -0.0000,   0.0000
   -0.0000,  -2.3512,   4.9876    + j *   -0.0000,   0.0000,  -0.0000
  matrix T
