**********************************************************************
Information about phases
**********************************************************************

Phase Ho2Ti2O7:
 unit cell: 
    10.31313   10.31313   10.31313 
       90.00      90.00      90.00
 B matrix is 
  0.09696 -0.00000 -0.00000
  0.00000  0.09696 -0.00000
  0.00000  0.00000  0.09696
 
symmetry: 
 inversion center in position 0.000 0.000 0.000
 elements of symmetry:
      B    Rot.      B    Rot.      B    Rot.      B    Rot.      B    Rot.
  0.000  1 0 0;  0.750 -1 0 0;  0.250 -1 0 0;  0.500  1 0 0;  0.000  0 0 1;
  0.000  0 1 0;  0.250  0-1 0;  0.500  0 1 0;  0.750  0-1 0;  0.000  1 0 0;
  0.000  0 0 1;  0.500  0 0 1;  0.750  0 0-1;  0.250  0 0-1;  0.000  0 1 0;
      B    Rot.      B    Rot.      B    Rot.      B    Rot.      B    Rot.
  0.500  0 0 1;  0.750  0 0-1;  0.250  0 0-1;  0.000  0 1 0;  0.250  0-1 0;
  0.750 -1 0 0;  0.250 -1 0 0;  0.500  1 0 0;  0.000  0 0 1;  0.500  0 0 1;
  0.250  0-1 0;  0.500  0 1 0;  0.750  0-1 0;  0.000  1 0 0;  0.750 -1 0 0;
      B    Rot.      B    Rot.      B    Rot.      B    Rot.      B    Rot.
  0.500  0 1 0;  0.750  0-1 0;  0.750  0 1 0;  0.000  0-1 0;  0.250  0 1 0;
  0.750  0 0-1;  0.250  0 0-1;  0.250  1 0 0;  0.000 -1 0 0;  0.500 -1 0 0;
  0.250 -1 0 0;  0.500  1 0 0;  0.500  0 0-1;  0.000  0 0-1;  0.750  0 0 1;
      B    Rot.      B    Rot.      B    Rot.      B    Rot.      B    Rot.
  0.500  0-1 0;  0.750  1 0 0;  0.500 -1 0 0;  0.000 -1 0 0;  0.250  1 0 0;
  0.750  1 0 0;  0.250  0 0 1;  0.750  0 0 1;  0.000  0 0-1;  0.500  0 0-1;
  0.250  0 0 1;  0.500  0-1 0;  0.250  0 1 0;  0.000  0-1 0;  0.750  0 1 0;
      B    Rot.      B    Rot.      B    Rot.      B    Rot.
  0.750  0 0 1;  0.250  0 0 1;  0.500  0 0-1;  0.000  0 0-1;
  0.250  0 1 0;  0.500  0-1 0;  0.750  0 1 0;  0.000  0-1 0;
  0.500 -1 0 0;  0.750  1 0 0;  0.250  1 0 0;  0.000 -1 0 0;

 shifting:
 +0.000   +0.500   +0.500   +0.000  
 +0.000   +0.500   +0.000   +0.500  
 +0.000   +0.000   +0.500   +0.500  
**********************************************************************

**********************************************************************
atom Ho1:
type Ho3

        x       y       z   occ. mult.  bscat.(cm-12)
  0.50000 0.50000 0.50000  1.000    16  0.80100

 beta11 beta22 beta33 beta12 beta13 beta23
  0.000  0.000  0.000  0.000  0.000  0.000


    biso =  0.000 (Ang**2)
coeff j0  0.05660 18.31760  0.33650  7.68800  0.63170  2.94270 -0.02480
coeff j2  0.21880 18.51570  1.02400  6.70700  0.92510  2.16140  0.02680
lfactor = 2.00 kappa = 1.00

  chi11  chi22  chi33  chi12  chi13  chi23 (susceptibility, muB/T)
  3.370  3.370  3.370  3.301  3.301  3.301

Symmetry restriction on chi
     11  22  33  12  13  23  =  0
      1   0  -1   0   0   0 
      1  -1   0   0   0   0 
      0   1  -1   0   0   0 
      0   0   0   1  -1   0 
      0   0   0   0   1  -1 
      0   0   0   1   0  -1 

 magnetic form factor from sthovl (from 0.00 with step 0.01 Ang.):

  1.00  0.95  0.81  0.64  0.47  0.33  0.22  0.13  0.07  0.03
  1.00  0.94  0.79  0.62  0.46  0.32  0.21  0.13  0.07  0.03
  1.00  0.93  0.78  0.60  0.44  0.30  0.20  0.12  0.06  0.03
  1.00  0.91  0.76  0.59  0.42  0.29  0.19  0.11  0.06  0.03
  0.99  0.90  0.74  0.57  0.41  0.28  0.18  0.11  0.06  0.02
  0.99  0.89  0.73  0.55  0.40  0.27  0.17  0.10  0.05  0.02
  0.98  0.87  0.71  0.54  0.38  0.26  0.16  0.09  0.05  0.02
  0.97  0.86  0.69  0.52  0.37  0.25  0.15  0.09  0.04  0.02
  0.97  0.84  0.67  0.50  0.35  0.24  0.15  0.08  0.04  0.01
  0.96  0.83  0.66  0.49  0.34  0.23  0.14  0.08  0.04  0.01

 equivalent position of atom in unit cell with chi (in muB/T) and     f_mag_0 (in muB), it is not used, just for test
       x      y      z    chi11  chi22  chi33  chi12  chi13  chi23    mag_ia mag_ib mag_ic
   0.500  0.500  0.500    3.370  3.370  3.370  3.301  3.301  3.301     0.000  0.000  0.000 
   0.000  0.000  0.500    3.370  3.370  3.370  3.301  3.301  3.301     0.000  0.000  0.000 
   0.000  0.500  0.000    3.370  3.370  3.370  3.301  3.301  3.301     0.000  0.000  0.000 
   0.500  0.000  0.000    3.370  3.370  3.370  3.301  3.301  3.301     0.000  0.000  0.000 
   0.250  0.750  0.000    3.370  3.370  3.370  3.301 -3.301 -3.301     0.000  0.000  0.000 
   0.750  0.250  0.000    3.370  3.370  3.370  3.301 -3.301 -3.301     0.000  0.000  0.000 
   0.750  0.750  0.500    3.370  3.370  3.370  3.301 -3.301 -3.301     0.000  0.000  0.000 
   0.250  0.250  0.500    3.370  3.370  3.370  3.301 -3.301 -3.301     0.000  0.000  0.000 
   0.750  0.000  0.250    3.370  3.370  3.370 -3.301  3.301 -3.301     0.000  0.000  0.000 
   0.250  0.000  0.750    3.370  3.370  3.370 -3.301  3.301 -3.301     0.000  0.000  0.000 
   0.250  0.500  0.250    3.370  3.370  3.370 -3.301  3.301 -3.301     0.000  0.000  0.000 
   0.750  0.500  0.750    3.370  3.370  3.370 -3.301  3.301 -3.301     0.000  0.000  0.000 
   0.000  0.250  0.750    3.370  3.370  3.370 -3.301 -3.301  3.301     0.000  0.000  0.000 
   0.000  0.750  0.250    3.370  3.370  3.370 -3.301 -3.301  3.301     0.000  0.000  0.000 
   0.500  0.750  0.750    3.370  3.370  3.370 -3.301 -3.301  3.301     0.000  0.000  0.000 
   0.500  0.250  0.250    3.370  3.370  3.370 -3.301 -3.301  3.301     0.000  0.000  0.000 

 CHI in orthogonal coordinate system x||a* z||c (in 10**-12cm)
  0.908  0.890  0.890    0.908  0.890  0.890    0.908  0.890  0.890  
  0.890  0.908  0.890    0.890  0.908  0.890    0.890  0.908  0.890  
  0.890  0.890  0.908    0.890  0.890  0.908    0.890  0.890  0.908  
 
  0.908  0.890  0.890    0.908  0.890 -0.890    0.908  0.890 -0.890  
  0.890  0.908  0.890    0.890  0.908 -0.890    0.890  0.908 -0.890  
  0.890  0.890  0.908   -0.890 -0.890  0.908   -0.890 -0.890  0.908  
 
  0.908  0.890 -0.890    0.908  0.890 -0.890    0.908 -0.890  0.890  
  0.890  0.908 -0.890    0.890  0.908 -0.890   -0.890  0.908 -0.890  
 -0.890 -0.890  0.908   -0.890 -0.890  0.908    0.890 -0.890  0.908  
 
  0.908 -0.890  0.890    0.908 -0.890  0.890    0.908 -0.890  0.890  
 -0.890  0.908 -0.890   -0.890  0.908 -0.890   -0.890  0.908 -0.890  
  0.890 -0.890  0.908    0.890 -0.890  0.908    0.890 -0.890  0.908  
 
  0.908 -0.890 -0.890    0.908 -0.890 -0.890    0.908 -0.890 -0.890  
 -0.890  0.908  0.890   -0.890  0.908  0.890   -0.890  0.908  0.890  
 -0.890  0.890  0.908   -0.890  0.890  0.908   -0.890  0.890  0.908  
 
  0.908 -0.890 -0.890  
 -0.890  0.908  0.890  
 -0.890  0.890  0.908  
**********************************************************************

**********************************************************************
atom Ti1:
type O

        x       y       z   occ. mult.  bscat.(cm-12)
  0.00000 0.00000 0.00000  1.000    16  -0.34380

 beta11 beta22 beta33 beta12 beta13 beta23
  0.000  0.000  0.000  0.000  0.000  0.000


    biso =  0.000 (Ang**2)

 equivalent position of atom in unit cell
       x      y      z    
   0.000  0.000  0.000 
   0.500  0.500  0.000 
   0.500  0.000  0.500 
   0.000  0.500  0.500 
   0.750  0.250  0.500 
   0.250  0.750  0.500 
   0.250  0.250  0.000 
   0.750  0.750  0.000 
   0.250  0.500  0.750 
   0.750  0.500  0.250 
   0.750  0.000  0.750 
   0.250  0.000  0.250 
   0.500  0.750  0.250 
   0.500  0.250  0.750 
   0.000  0.250  0.250 
   0.000  0.750  0.750 
**********************************************************************

**********************************************************************
atom O1:
type O

        x       y       z   occ. mult.  bscat.(cm-12)
  0.32844 0.12500 0.12500  1.000    48  0.58030

 beta11 beta22 beta33 beta12 beta13 beta23
  0.000  0.000  0.000  0.000  0.000  0.000


    biso =  0.000 (Ang**2)

 equivalent position of atom in unit cell
       x      y      z    
   0.328  0.125  0.125 
   0.672  0.875  0.875 
   0.828  0.625  0.125 
   0.172  0.375  0.875 
   0.828  0.125  0.625 
   0.172  0.875  0.375 
   0.328  0.625  0.625 
   0.672  0.375  0.375 
   0.422  0.125  0.625 
   0.578  0.875  0.375 
   0.922  0.625  0.625 
   0.078  0.375  0.375 
   0.922  0.125  0.125 
   0.078  0.875  0.875 
   0.422  0.625  0.125 
   0.578  0.375  0.875 
   0.125  0.328  0.125 
   0.875  0.672  0.875 
   0.625  0.828  0.125 
   0.375  0.172  0.875 
   0.625  0.328  0.625 
   0.375  0.672  0.375 
   0.125  0.828  0.625 
   0.875  0.172  0.375 
   0.625  0.422  0.125 
   0.375  0.578  0.875 
   0.125  0.922  0.125 
   0.875  0.078  0.875 
   0.125  0.422  0.625 
   0.875  0.578  0.375 
   0.625  0.922  0.625 
   0.375  0.078  0.375 
   0.125  0.125  0.328 
   0.875  0.875  0.672 
   0.625  0.625  0.328 
   0.375  0.375  0.672 
   0.625  0.125  0.828 
   0.375  0.875  0.172 
   0.125  0.625  0.828 
   0.875  0.375  0.172 
   0.125  0.625  0.422 
   0.875  0.375  0.578 
   0.625  0.125  0.422 
   0.375  0.875  0.578 
   0.625  0.625  0.922 
   0.375  0.375  0.078 
   0.125  0.125  0.922 
   0.875  0.875  0.078 
**********************************************************************

**********************************************************************
atom O2:
type O

        x       y       z   occ. mult.  bscat.(cm-12)
  0.37500 0.37500 0.37500  1.000     8  0.58030

 beta11 beta22 beta33 beta12 beta13 beta23
  0.000  0.000  0.000  0.000  0.000  0.000


    biso =  0.000 (Ang**2)

 equivalent position of atom in unit cell
       x      y      z    
   0.375  0.375  0.375 
   0.625  0.625  0.625 
   0.875  0.875  0.375 
   0.125  0.125  0.625 
   0.875  0.375  0.875 
   0.125  0.625  0.125 
   0.375  0.875  0.875 
   0.625  0.125  0.125 


**********************************************************************
Information about experiments
**********************************************************************
Experiment pnd (powder):
wavelength =    0.84000
U =   21.64719, V =   -3.78052, W =    0.80229
x =    0.00000, y =    0.00000
zeroshift =   -0.43189; zshift_a =    0.01000;
asymmetry parameters:    1.06871    0.08418    0.00000    0.00000
polarization of beam:  p_up =    0.72856, p_down =    0.72856
**********************************************************************
Integral intensities for phase Ho2Ti2O7 (scale is  0.0134600):
(NUCL2, MSFp2 and cross are in 10-24cm)
Ig size is 
  0.00000
 
Extinction is 
  0.00000  0.00000  0.00000  0.00000  0.00000  0.00000
 
  h  k  l mult   ReFN    NUCL2    MSFp2     cross     sthovl
  1  1  1   8   6.761   45.710  191.585   187.162   0.084
  structure factor tensor in local Cartesian system
    6.9919,  -6.8495,  -6.8495    + j *   -0.0000,   0.0000,   0.0000
   -6.8495,   6.9919,  -6.8495    + j *    0.0000,  -0.0000,   0.0000
   -6.8495,  -6.8495,   6.9919    + j *    0.0000,   0.0000,  -0.0000
  structure factor tensor after T transformation (invT * SFT * T)
   13.8414,   0.0000,  -0.0000    + j *   -0.0000,  -0.0000,   0.0000
    0.0000,  13.8414,  -0.0000    + j *   -0.0000,  -0.0000,   0.0000
   -0.0000,  -0.0000,  -6.7072    + j *    0.0000,   0.0000,   0.0000
  matrix T
   -0.7071,  -0.4082,   0.5774
    0.7071,  -0.4082,   0.5774
    0.0000,   0.8165,   0.5774
 
  h  k  l mult   ReFN    NUCL2    MSFp2     cross     sthovl
  2  0  0   6  -0.000    0.000  182.987    -0.000   0.097
  structure factor tensor in local Cartesian system
    0.0000,   0.0000,   0.0000    + j *    0.0000,   0.0000,   0.0000
    0.0000,  -0.0000,  13.5273    + j *    0.0000,   0.0000,  -0.0000
    0.0000,  13.5273,   0.0000    + j *    0.0000,  -0.0000,   0.0000
  structure factor tensor after T transformation (invT * SFT * T)
   -0.0000,  13.5273,   0.0000    + j *    0.0000,  -0.0000,  -0.0000
   13.5273,   0.0000,   0.0000    + j *   -0.0000,   0.0000,   0.0000
    0.0000,   0.0000,   0.0000    + j *   -0.0000,   0.0000,   0.0000
  matrix T
    0.0000,  -0.0000,   1.0000
    1.0000,   0.0000,  -0.0000
    0.0000,   1.0000,   0.0000
 
  h  k  l mult   ReFN    NUCL2    MSFp2     cross     sthovl
  2  2  0  12   1.554    2.414   82.826   -19.995   0.137
  structure factor tensor in local Cartesian system
    0.0000,  12.8706,   0.0000    + j *   -0.0000,  -0.0000,   0.0000
   12.8706,   0.0000,   0.0000    + j *   -0.0000,  -0.0000,   0.0000
    0.0000,   0.0000,  -0.0000    + j *    0.0000,   0.0000,   0.0000
  structure factor tensor after T transformation (invT * SFT * T)
  -12.8706,   0.0000,   0.0000    + j *    0.0000,  -0.0000,  -0.0000
    0.0000,  -0.0000,   0.0000    + j *   -0.0000,   0.0000,   0.0000
    0.0000,   0.0000,  12.8706    + j *   -0.0000,   0.0000,  -0.0000
  matrix T
   -0.7071,  -0.0000,   0.7071
    0.7071,  -0.0000,   0.7071
    0.0000,   1.0000,   0.0000
 
  h  k  l mult   ReFN    NUCL2    MSFp2     cross     sthovl
  3  1  1  24  -4.612   21.273   93.773    32.405   0.161
  structure factor tensor in local Cartesian system
   -6.3329,  -6.2040,  -6.2040    + j *    0.0000,  -0.0000,   0.0000
   -6.2040,  -6.3329,   6.2040    + j *   -0.0000,   0.0000,  -0.0000
   -6.2040,   6.2040,  -6.3329    + j *    0.0000,  -0.0000,   0.0000
  structure factor tensor after T transformation (invT * SFT * T)
   -2.6105,   8.9788,  -2.3661    + j *    0.0000,  -0.0000,  -0.0000
    8.9788,  -4.4153,  -2.1402    + j *   -0.0000,   0.0000,   0.0000
   -2.3661,  -2.1402, -11.9729    + j *   -0.0000,   0.0000,   0.0000
  matrix T
   -0.3162,  -0.2860,   0.9045
    0.9487,  -0.0953,   0.3015
    0.0000,   0.9535,   0.3015
 
  h  k  l mult   ReFN    NUCL2    MSFp2     cross     sthovl
  2  2  2   8   7.315   53.512  156.597   183.083   0.168
  structure factor tensor in local Cartesian system
   12.5139,   0.0000,   0.0000    + j *   -0.0000,   0.0000,   0.0000
    0.0000,  12.5139,   0.0000    + j *    0.0000,  -0.0000,   0.0000
    0.0000,   0.0000,  12.5139    + j *    0.0000,   0.0000,  -0.0000
  structure factor tensor after T transformation (invT * SFT * T)
   12.5139,   0.0000,  -0.0000    + j *   -0.0000,  -0.0000,   0.0000
    0.0000,  12.5139,  -0.0000    + j *   -0.0000,  -0.0000,   0.0000
   -0.0000,  -0.0000,  12.5139    + j *    0.0000,   0.0000,  -0.0000
  matrix T
   -0.7071,  -0.4082,   0.5774
    0.7071,  -0.4082,   0.5774
    0.0000,   0.8165,   0.5774
 
  h  k  l mult   ReFN    NUCL2    MSFp2     cross     sthovl
  4  0  0   6 -19.518  380.942  142.355  -465.742   0.194
  structure factor tensor in local Cartesian system
   11.9313,   0.0000,   0.0000    + j *   -0.0000,   0.0000,  -0.0000
    0.0000,  11.9313,   0.0000    + j *    0.0000,  -0.0000,   0.0000
    0.0000,   0.0000,  11.9313    + j *   -0.0000,   0.0000,  -0.0000
  structure factor tensor after T transformation (invT * SFT * T)
   11.9313,   0.0000,   0.0000    + j *   -0.0000,   0.0000,   0.0000
    0.0000,  11.9313,   0.0000    + j *    0.0000,  -0.0000,  -0.0000
    0.0000,   0.0000,  11.9313    + j *    0.0000,  -0.0000,  -0.0000
  matrix T
    0.0000,  -0.0000,   1.0000
    1.0000,   0.0000,  -0.0000
    0.0000,   1.0000,   0.0000
 
  h  k  l mult   ReFN    NUCL2    MSFp2     cross     sthovl
  3  3  1  24 -20.648  426.349   66.806   274.643   0.211
  structure factor tensor in local Cartesian system
   -5.7596,   5.6424,  -5.6424    + j *    0.0000,  -0.0000,   0.0000
    5.6424,  -5.7596,  -5.6424    + j *   -0.0000,   0.0000,   0.0000
   -5.6424,  -5.6424,  -5.7596    + j *    0.0000,   0.0000,   0.0000
  structure factor tensor after T transformation (invT * SFT * T)
  -11.4020,  -0.0000,   0.0000    + j *    0.0000,   0.0000,  -0.0000
   -0.0000,  -1.8991,  -8.3995    + j *    0.0000,   0.0000,   0.0000
    0.0000,  -8.3995,  -3.9778    + j *   -0.0000,   0.0000,   0.0000
  matrix T
   -0.7071,  -0.1622,   0.6882
    0.7071,  -0.1622,   0.6882
    0.0000,   0.9733,   0.2294
 
  h  k  l mult   ReFN    NUCL2    MSFp2     cross     sthovl
  4  2  0  24  -0.000    0.000   24.885    -0.000   0.217
  structure factor tensor in local Cartesian system
   -0.0000,   0.0000,  11.1545    + j *    0.0000,   0.0000,  -0.0000
    0.0000,  -0.0000,   0.0000    + j *    0.0000,   0.0000,  -0.0000
   11.1545,   0.0000,   0.0000    + j *   -0.0000,  -0.0000,   0.0000
  structure factor tensor after T transformation (invT * SFT * T)
   -0.0000,  -4.9885,  -0.0000    + j *   -0.0000,   0.0000,   0.0000
   -4.9885,   0.0000,   9.9769    + j *    0.0000,   0.0000,  -0.0000
   -0.0000,   9.9769,   0.0000    + j *    0.0000,  -0.0000,   0.0000
  matrix T
   -0.4472,  -0.0000,   0.8944
    0.8944,  -0.0000,   0.4472
    0.0000,   1.0000,   0.0000
 
  h  k  l mult   ReFN    NUCL2    MSFp2     cross     sthovl
  4  2  2  24  -7.217   52.091   81.983    25.632   0.238
  structure factor tensor in local Cartesian system
    0.0000,   0.0000,  -0.0000    + j *    0.0000,   0.0000,   0.0000
    0.0000,  -0.0000,  10.6543    + j *    0.0000,   0.0000,  -0.0000
   -0.0000,  10.6543,   0.0000    + j *    0.0000,  -0.0000,   0.0000
  structure factor tensor after T transformation (invT * SFT * T)
   -0.0000,   8.6992,   3.8904    + j *    0.0000,  -0.0000,  -0.0000
    8.6992,  -3.5514,   3.1765    + j *   -0.0000,   0.0000,  -0.0000
    3.8904,   3.1765,   3.5514    + j *   -0.0000,  -0.0000,   0.0000
  matrix T
   -0.4472,  -0.3651,   0.8165
    0.8944,  -0.1826,   0.4082
    0.0000,   0.9129,   0.4082
 
  h  k  l mult   ReFN    NUCL2    MSFp2     cross     sthovl
  5  1  1  24  16.190  262.101   63.404   238.139   0.252
  structure factor tensor in local Cartesian system
    5.2567,  -5.1497,  -5.1497    + j *   -0.0000,   0.0000,   0.0000
   -5.1497,   5.2567,  -5.1497    + j *    0.0000,  -0.0000,   0.0000
   -5.1497,  -5.1497,   5.2567    + j *    0.0000,   0.0000,  -0.0000
  structure factor tensor after T transformation (invT * SFT * T)
    7.2373,  -3.0494,  -5.4421    + j *   -0.0000,   0.0000,   0.0000
   -3.0494,   7.4721,  -5.2367    + j *    0.0000,  -0.0000,   0.0000
   -5.4421,  -5.2367,   1.0607    + j *    0.0000,   0.0000,  -0.0000
  matrix T
   -0.1961,  -0.1887,   0.9623
    0.9806,  -0.0377,   0.1925
    0.0000,   0.9813,   0.1925
 
  h  k  l mult   ReFN    NUCL2    MSFp2     cross     sthovl
  3  3  3   8  -9.275   86.027  108.293  -193.039   0.252
  structure factor tensor in local Cartesian system
    5.2567,  -5.1497,  -5.1497    + j *   -0.0000,   0.0000,   0.0000
   -5.1497,   5.2567,  -5.1497    + j *    0.0000,  -0.0000,   0.0000
   -5.1497,  -5.1497,   5.2567    + j *    0.0000,   0.0000,  -0.0000
  structure factor tensor after T transformation (invT * SFT * T)
   10.4064,   0.0000,  -0.0000    + j *   -0.0000,  -0.0000,   0.0000
    0.0000,  10.4064,  -0.0000    + j *   -0.0000,  -0.0000,   0.0000
   -0.0000,  -0.0000,  -5.0427    + j *    0.0000,   0.0000,   0.0000
  matrix T
   -0.7071,  -0.4082,   0.5774
    0.7071,  -0.4082,   0.5774
    0.0000,   0.8165,   0.5774
 
  h  k  l mult   ReFN    NUCL2    MSFp2     cross     sthovl
  4  4  0  12  28.484  811.354   98.911   566.576   0.274
  structure factor tensor in local Cartesian system
    9.9454,   0.0000,   0.0000    + j *   -0.0000,  -0.0000,   0.0000
    0.0000,   9.9454,   0.0000    + j *   -0.0000,  -0.0000,   0.0000
    0.0000,   0.0000,   9.9454    + j *    0.0000,   0.0000,  -0.0000
  structure factor tensor after T transformation (invT * SFT * T)
    9.9454,  -0.0000,  -0.0000    + j *   -0.0000,   0.0000,   0.0000
   -0.0000,   9.9454,   0.0000    + j *    0.0000,  -0.0000,   0.0000
   -0.0000,   0.0000,   9.9454    + j *    0.0000,   0.0000,  -0.0000
  matrix T
   -0.7071,  -0.0000,   0.7071
    0.7071,  -0.0000,   0.7071
    0.0000,   1.0000,   0.0000
 
  h  k  l mult   ReFN    NUCL2    MSFp2     cross     sthovl
  5  3  1  48  -9.071   82.281   51.171    55.536   0.287
  structure factor tensor in local Cartesian system
   -4.8123,  -4.7143,   4.7143    + j *    0.0000,   0.0000,  -0.0000
   -4.7143,  -4.8123,  -4.7143    + j *    0.0000,   0.0000,   0.0000
    4.7143,  -4.7143,  -4.8123    + j *   -0.0000,   0.0000,   0.0000
  structure factor tensor after T transformation (invT * SFT * T)
   -0.6526,  -5.9999,  -3.2798    + j *   -0.0000,   0.0000,   0.0000
   -5.9999,  -5.4699,   2.2176    + j *    0.0000,   0.0000,  -0.0000
   -3.2798,   2.2176,  -8.3143    + j *    0.0000,  -0.0000,   0.0000
  matrix T
   -0.5145,  -0.1449,   0.8452
    0.8575,  -0.0870,   0.5071
    0.0000,   0.9856,   0.1690
 
  h  k  l mult   ReFN    NUCL2    MSFp2     cross     sthovl
  6  0  0   6  -0.000    0.000   86.990    -0.000   0.291
  structure factor tensor in local Cartesian system
   -0.0000,   0.0000,   0.0000    + j *    0.0000,   0.0000,   0.0000
    0.0000,  -0.0000,   9.3268    + j *    0.0000,   0.0000,  -0.0000
    0.0000,   9.3268,   0.0000    + j *    0.0000,  -0.0000,   0.0000
  structure factor tensor after T transformation (invT * SFT * T)
   -0.0000,   9.3268,   0.0000    + j *    0.0000,  -0.0000,  -0.0000
    9.3268,   0.0000,   0.0000    + j *   -0.0000,   0.0000,   0.0000
    0.0000,   0.0000,  -0.0000    + j *   -0.0000,   0.0000,   0.0000
  matrix T
    0.0000,  -0.0000,   1.0000
    1.0000,   0.0000,  -0.0000
    0.0000,   1.0000,   0.0000
 
  h  k  l mult   ReFN    NUCL2    MSFp2     cross     sthovl
  4  4  2  24  -0.000    0.000   44.032     0.000   0.291
  structure factor tensor in local Cartesian system
   -0.0000,   9.3268,   0.0000    + j *   -0.0000,  -0.0000,   0.0000
    9.3268,   0.0000,   0.0000    + j *   -0.0000,  -0.0000,   0.0000
    0.0000,   0.0000,   0.0000    + j *    0.0000,   0.0000,  -0.0000
  structure factor tensor after T transformation (invT * SFT * T)
   -9.3268,  -0.0000,   0.0000    + j *    0.0000,  -0.0000,   0.0000
   -0.0000,   1.0363,  -2.9311    + j *   -0.0000,  -0.0000,   0.0000
    0.0000,  -2.9311,   8.2905    + j *    0.0000,   0.0000,  -0.0000
  matrix T
   -0.7071,  -0.2357,   0.6667
    0.7071,  -0.2357,   0.6667
    0.0000,   0.9428,   0.3333
 
  h  k  l mult   ReFN    NUCL2    MSFp2     cross     sthovl
  6  2  0  24   7.890   62.251   14.368   -42.294   0.307
  structure factor tensor in local Cartesian system
    0.0000,   8.9342,   0.0000    + j *    0.0000,  -0.0000,   0.0000
    8.9342,   0.0000,   0.0000    + j *   -0.0000,   0.0000,  -0.0000
    0.0000,   0.0000,  -0.0000    + j *    0.0000,  -0.0000,   0.0000
  structure factor tensor after T transformation (invT * SFT * T)
   -5.3605,   0.0000,   7.1474    + j *    0.0000,  -0.0000,  -0.0000
    0.0000,  -0.0000,   0.0000    + j *   -0.0000,   0.0000,   0.0000
    7.1474,   0.0000,   5.3605    + j *   -0.0000,   0.0000,  -0.0000
  matrix T
   -0.3162,  -0.0000,   0.9487
    0.9487,  -0.0000,   0.3162
    0.0000,   1.0000,   0.0000
 
  h  k  l mult   ReFN    NUCL2    MSFp2     cross     sthovl
  5  3  3  24  -2.302    5.300   46.784    10.608   0.318
  structure factor tensor in local Cartesian system
   -4.4170,  -4.3270,  -4.3270    + j *    0.0000,   0.0000,   0.0000
   -4.3270,  -4.4170,   4.3270    + j *    0.0000,   0.0000,  -0.0000
   -4.3270,   4.3270,  -4.4170    + j *    0.0000,  -0.0000,   0.0000
  structure factor tensor after T transformation (invT * SFT * T)
   -0.5990,   6.2105,   0.9053    + j *    0.0000,  -0.0000,  -0.0000
    6.2105,  -4.0085,   0.6903    + j *   -0.0000,   0.0000,  -0.0000
    0.9053,   0.6903,  -8.6434    + j *   -0.0000,  -0.0000,   0.0000
  matrix T
   -0.5145,  -0.3923,   0.7625
    0.8575,  -0.2354,   0.4575
    0.0000,   0.8892,   0.4575
 
  h  k  l mult   ReFN    NUCL2    MSFp2     cross     sthovl
  6  2  2  24   7.315   53.512   76.409   127.888   0.322
  structure factor tensor in local Cartesian system
    8.7412,   0.0000,   0.0000    + j *   -0.0000,   0.0000,  -0.0000
    0.0000,   8.7412,   0.0000    + j *    0.0000,  -0.0000,   0.0000
    0.0000,   0.0000,   8.7412    + j *   -0.0000,   0.0000,  -0.0000
  structure factor tensor after T transformation (invT * SFT * T)
    8.7412,   0.0000,  -0.0000    + j *   -0.0000,   0.0000,   0.0000
    0.0000,   8.7412,  -0.0000    + j *    0.0000,  -0.0000,  -0.0000
   -0.0000,  -0.0000,   8.7412    + j *    0.0000,  -0.0000,  -0.0000
  matrix T
   -0.3162,  -0.2860,   0.9045
    0.9487,  -0.0953,   0.3015
    0.0000,   0.9535,   0.3015
 
  h  k  l mult   ReFN    NUCL2    MSFp2     cross     sthovl
  4  4  4   8  -8.190   67.076   70.274  -137.313   0.336
  structure factor tensor in local Cartesian system
    8.3830,   0.0000,   0.0000    + j *   -0.0000,   0.0000,   0.0000
    0.0000,   8.3830,   0.0000    + j *    0.0000,  -0.0000,   0.0000
    0.0000,   0.0000,   8.3830    + j *    0.0000,   0.0000,  -0.0000
  structure factor tensor after T transformation (invT * SFT * T)
    8.3830,   0.0000,  -0.0000    + j *   -0.0000,  -0.0000,   0.0000
    0.0000,   8.3830,  -0.0000    + j *   -0.0000,  -0.0000,   0.0000
   -0.0000,  -0.0000,   8.3830    + j *    0.0000,   0.0000,  -0.0000
  matrix T
   -0.7071,  -0.4082,   0.5774
    0.7071,  -0.4082,   0.5774
    0.0000,   0.8165,   0.5774
 
  h  k  l mult   ReFN    NUCL2    MSFp2     cross     sthovl
  5  5  1  24  -2.506    6.282   47.734   -34.063   0.346
  structure factor tensor in local Cartesian system
    4.0634,  -3.9806,  -3.9806    + j *   -0.0000,   0.0000,   0.0000
   -3.9806,   4.0634,  -3.9806    + j *    0.0000,  -0.0000,   0.0000
   -3.9806,  -3.9806,   4.0634    + j *    0.0000,   0.0000,  -0.0000
  structure factor tensor after T transformation (invT * SFT * T)
    8.0440,   0.0000,  -0.0000    + j *   -0.0000,  -0.0000,   0.0000
    0.0000,   5.5464,  -4.8568    + j *   -0.0000,  -0.0000,   0.0000
   -0.0000,  -4.8568,  -1.4003    + j *    0.0000,   0.0000,   0.0000
  matrix T
   -0.7071,  -0.0990,   0.7001
    0.7071,  -0.0990,   0.7001
    0.0000,   0.9901,   0.1400
 
  h  k  l mult   ReFN    NUCL2    MSFp2     cross     sthovl
  7  1  1  24 -14.487  209.866   34.248    88.331   0.346
  structure factor tensor in local Cartesian system
   -4.0634,  -3.9806,  -3.9806    + j *   -0.0000,   0.0000,   0.0000
   -3.9806,  -4.0634,   3.9806    + j *    0.0000,  -0.0000,   0.0000
   -3.9806,   3.9806,  -4.0634    + j *    0.0000,   0.0000,  -0.0000
  structure factor tensor after T transformation (invT * SFT * T)
   -2.9488,   4.9943,  -3.1531    + j *   -0.0000,   0.0000,   0.0000
    4.9943,  -3.1486,  -3.0907    + j *    0.0000,  -0.0000,   0.0000
   -3.1531,  -3.0907,  -6.0927    + j *    0.0000,   0.0000,  -0.0000
  matrix T
   -0.1414,  -0.1386,   0.9802
    0.9899,  -0.0198,   0.1400
    0.0000,   0.9901,   0.1400
 
  h  k  l mult   ReFN    NUCL2    MSFp2     cross     sthovl
  6  4  0  24  -0.000    0.000   42.987    -0.000   0.350
  structure factor tensor in local Cartesian system
    0.0000,   0.0000,  -0.0000    + j *    0.0000,   0.0000,  -0.0000
    0.0000,   0.0000,   7.8798    + j *    0.0000,   0.0000,  -0.0000
   -0.0000,   7.8798,   0.0000    + j *   -0.0000,  -0.0000,   0.0000
  structure factor tensor after T transformation (invT * SFT * T)
   -0.0000,   6.5564,   0.0000    + j *   -0.0000,  -0.0000,   0.0000
    6.5564,   0.0000,   4.3709    + j *   -0.0000,   0.0000,  -0.0000
    0.0000,   4.3709,   0.0000    + j *    0.0000,  -0.0000,   0.0000
  matrix T
   -0.5547,  -0.0000,   0.8321
    0.8321,  -0.0000,   0.5547
    0.0000,   1.0000,   0.0000
 
  h  k  l mult   ReFN    NUCL2    MSFp2     cross     sthovl
  6  4  2  48  -2.226    4.955   21.604     7.217   0.363
  structure factor tensor in local Cartesian system
    0.0000,   0.0000,   7.5645    + j *    0.0000,   0.0000,  -0.0000
    0.0000,  -0.0000,   0.0000    + j *    0.0000,   0.0000,  -0.0000
    7.5645,   0.0000,   0.0000    + j *   -0.0000,  -0.0000,   0.0000
  structure factor tensor after T transformation (invT * SFT * T)
   -0.0000,  -4.0434,  -1.1214    + j *    0.0000,   0.0000,   0.0000
   -4.0434,  -3.2419,   5.3949    + j *    0.0000,   0.0000,  -0.0000
   -1.1214,   5.3949,   3.2419    + j *    0.0000,  -0.0000,   0.0000
  matrix T
   -0.5547,  -0.2224,   0.8018
    0.8321,  -0.1482,   0.5345
    0.0000,   0.9636,   0.2673
 
  h  k  l mult   ReFN    NUCL2    MSFp2     cross     sthovl
  5  5  3  24 -13.880  192.642   27.638    95.340   0.372
  structure factor tensor in local Cartesian system
   -3.7455,   3.6692,  -3.6692    + j *    0.0000,  -0.0000,   0.0000
    3.6692,  -3.7455,  -3.6692    + j *   -0.0000,   0.0000,   0.0000
   -3.6692,  -3.6692,  -3.7455    + j *    0.0000,   0.0000,   0.0000
  structure factor tensor after T transformation (invT * SFT * T)
   -7.4148,  -0.0000,   0.0000    + j *    0.0000,   0.0000,  -0.0000
   -0.0000,   0.5457,  -4.9252    + j *    0.0000,  -0.0000,   0.0000
    0.0000,  -4.9252,  -4.3674    + j *   -0.0000,   0.0000,  -0.0000
  matrix T
   -0.7071,  -0.2762,   0.6509
    0.7071,  -0.2762,   0.6509
    0.0000,   0.9206,   0.3906
 
  h  k  l mult   ReFN    NUCL2    MSFp2     cross     sthovl
  7  3  1  48   3.114    9.694   28.533   -27.584   0.372
  structure factor tensor in local Cartesian system
   -3.7455,   3.6692,  -3.6692    + j *    0.0000,  -0.0000,   0.0000
    3.6692,  -3.7455,  -3.6692    + j *   -0.0000,   0.0000,   0.0000
   -3.6692,  -3.6692,  -3.7455    + j *    0.0000,   0.0000,   0.0000
  structure factor tensor after T transformation (invT * SFT * T)
   -6.4025,  -2.2402,   2.2581    + j *    0.0000,   0.0000,  -0.0000
   -2.2402,  -2.4567,  -4.9976    + j *    0.0000,   0.0000,   0.0000
    2.2581,  -4.9976,  -2.3773    + j *   -0.0000,   0.0000,   0.0000
  matrix T
   -0.3939,  -0.1197,   0.9113
    0.9191,  -0.0513,   0.3906
    0.0000,   0.9915,   0.1302
 
  h  k  l mult   ReFN    NUCL2    MSFp2     cross     sthovl
  8  0  0   6  24.067  579.203   50.773   342.976   0.388
  structure factor tensor in local Cartesian system
    7.1256,   0.0000,   0.0000    + j *   -0.0000,  -0.0000,  -0.0000
    0.0000,   7.1256,   0.0000    + j *   -0.0000,  -0.0000,   0.0000
    0.0000,   0.0000,   7.1256    + j *   -0.0000,   0.0000,  -0.0000
  structure factor tensor after T transformation (invT * SFT * T)
    7.1256,   0.0000,   0.0000    + j *   -0.0000,   0.0000,  -0.0000
    0.0000,   7.1256,   0.0000    + j *    0.0000,  -0.0000,  -0.0000
    0.0000,   0.0000,   7.1256    + j *   -0.0000,  -0.0000,  -0.0000
  matrix T
    0.0000,  -0.0000,   1.0000
    1.0000,   0.0000,  -0.0000
    0.0000,   1.0000,   0.0000
 
  h  k  l mult   ReFN    NUCL2    MSFp2     cross     sthovl
  7  3  3  24  28.374  805.086   37.106   342.615   0.397
  structure factor tensor in local Cartesian system
    3.4585,  -3.3881,  -3.3881    + j *   -0.0000,   0.0000,  -0.0000
   -3.3881,   3.4585,  -3.3881    + j *    0.0000,  -0.0000,  -0.0000
   -3.3881,  -3.3881,   3.4585    + j *   -0.0000,  -0.0000,  -0.0000
  structure factor tensor after T transformation (invT * SFT * T)
    5.9119,  -0.7993,  -2.8262    + j *   -0.0000,  -0.0000,   0.0000
   -0.7993,   6.1630,  -2.4169    + j *   -0.0000,  -0.0000,  -0.0000
   -2.8262,  -2.4169,  -1.6995    + j *    0.0000,  -0.0000,  -0.0000
  matrix T
   -0.3939,  -0.3369,   0.8552
    0.9191,  -0.1444,   0.3665
    0.0000,   0.9304,   0.3665
 
  h  k  l mult   ReFN    NUCL2    MSFp2     cross     sthovl
  8  2  0  24  -0.000    0.000    2.648    -0.000   0.400
  structure factor tensor in local Cartesian system
    0.0000,   0.0000,   6.7097    + j *    0.0000,   0.0000,  -0.0000
    0.0000,   0.0000,   0.0000    + j *    0.0000,   0.0000,   0.0000
    6.7097,   0.0000,   0.0000    + j *   -0.0000,   0.0000,   0.0000
  structure factor tensor after T transformation (invT * SFT * T)
    0.0000,  -1.6273,  -0.0000    + j *    0.0000,   0.0000,   0.0000
   -1.6273,   0.0000,   6.5094    + j *    0.0000,   0.0000,  -0.0000
   -0.0000,   6.5094,   0.0000    + j *    0.0000,  -0.0000,   0.0000
  matrix T
   -0.2425,  -0.0000,   0.9701
    0.9701,  -0.0000,   0.2425
    0.0000,   1.0000,   0.0000
 
  h  k  l mult   ReFN    NUCL2    MSFp2     cross     sthovl
  6  4  4  24  -0.000    0.000   28.819     0.000   0.400
  structure factor tensor in local Cartesian system
    0.0000,  -0.0000,   0.0000    + j *    0.0000,   0.0000,  -0.0000
   -0.0000,  -0.0000,   6.7097    + j *    0.0000,   0.0000,  -0.0000
    0.0000,   6.7097,   0.0000    + j *   -0.0000,  -0.0000,   0.0000
  structure factor tensor after T transformation (invT * SFT * T)
    0.0000,   4.8820,   2.7081    + j *    0.0000,  -0.0000,  -0.0000
    4.8820,  -3.1575,   1.9704    + j *   -0.0000,   0.0000,  -0.0000
    2.7081,   1.9704,   3.1575    + j *   -0.0000,  -0.0000,  -0.0000
  matrix T
   -0.5547,  -0.4036,   0.7276
    0.8321,  -0.2691,   0.4851
    0.0000,   0.8745,   0.4851
 
  h  k  l mult   ReFN    NUCL2    MSFp2     cross     sthovl
  6  6  0  12 -17.333  300.447   20.813   111.832   0.411
  structure factor tensor in local Cartesian system
    0.0000,   6.4518,   0.0000    + j *    0.0000,  -0.0000,   0.0000
    6.4518,   0.0000,   0.0000    + j *   -0.0000,   0.0000,   0.0000
    0.0000,   0.0000,  -0.0000    + j *    0.0000,   0.0000,   0.0000
  structure factor tensor after T transformation (invT * SFT * T)
   -6.4518,   0.0000,   0.0000    + j *    0.0000,  -0.0000,  -0.0000
    0.0000,  -0.0000,   0.0000    + j *   -0.0000,   0.0000,   0.0000
    0.0000,   0.0000,   6.4518    + j *   -0.0000,   0.0000,  -0.0000
  matrix T
   -0.7071,  -0.0000,   0.7071
    0.7071,  -0.0000,   0.7071
    0.0000,   1.0000,   0.0000
 
  h  k  l mult   ReFN    NUCL2    MSFp2     cross     sthovl
  8  2  2  24  17.299  299.254   37.258   -12.401   0.411
  structure factor tensor in local Cartesian system
    0.0000,   0.0000,   0.0000    + j *   -0.0000,   0.0000,   0.0000
    0.0000,   0.0000,   6.4518    + j *    0.0000,  -0.0000,  -0.0000
    0.0000,   6.4518,   0.0000    + j *    0.0000,  -0.0000,  -0.0000
  structure factor tensor after T transformation (invT * SFT * T)
   -0.0000,   6.0829,   1.4753    + j *   -0.0000,  -0.0000,   0.0000
    6.0829,  -0.7169,   1.3909    + j *   -0.0000,  -0.0000,  -0.0000
    1.4753,   1.3909,   0.7169    + j *    0.0000,  -0.0000,  -0.0000
  matrix T
   -0.2425,  -0.2287,   0.9428
    0.9701,  -0.0572,   0.2357
    0.0000,   0.9718,   0.2357
 
  h  k  l mult   ReFN    NUCL2    MSFp2     cross     sthovl
  5  5  5   8  25.457  648.052   40.088   322.362   0.420
  structure factor tensor in local Cartesian system
    3.1983,  -3.1332,  -3.1332    + j *   -0.0000,   0.0000,   0.0000
   -3.1332,   3.1983,  -3.1332    + j *    0.0000,  -0.0000,   0.0000
   -3.1332,  -3.1332,   3.1983    + j *    0.0000,   0.0000,  -0.0000
  structure factor tensor after T transformation (invT * SFT * T)
    6.3315,   0.0000,  -0.0000    + j *   -0.0000,  -0.0000,   0.0000
    0.0000,   6.3315,  -0.0000    + j *   -0.0000,  -0.0000,  -0.0000
   -0.0000,  -0.0000,  -3.0681    + j *    0.0000,  -0.0000,   0.0000
  matrix T
   -0.7071,  -0.4082,   0.5774
    0.7071,  -0.4082,   0.5774
    0.0000,   0.8165,   0.5774
 
  h  k  l mult   ReFN    NUCL2    MSFp2     cross     sthovl
  7  5  1  48  -8.464   71.634   24.623    27.974   0.420
  structure factor tensor in local Cartesian system
   -3.1983,  -3.1332,  -3.1332    + j *   -0.0000,   0.0000,  -0.0000
   -3.1332,  -3.1983,   3.1332    + j *    0.0000,  -0.0000,  -0.0000
   -3.1332,   3.1332,  -3.1983    + j *   -0.0000,  -0.0000,  -0.0000
  structure factor tensor after T transformation (invT * SFT * T)
   -0.2345,   4.4588,  -0.5047    + j *   -0.0000,  -0.0000,   0.0000
    4.4588,  -3.0707,  -0.3691    + j *   -0.0000,   0.0000,  -0.0000
   -0.5047,  -0.3691,  -6.2898    + j *    0.0000,  -0.0000,   0.0000
  matrix T
   -0.5812,  -0.0940,   0.8083
    0.8137,  -0.0671,   0.5774
    0.0000,   0.9933,   0.1155
 
  h  k  l mult   ReFN    NUCL2    MSFp2     cross     sthovl
  6  6  2  24   7.315   53.512   40.133    92.684   0.423
  structure factor tensor in local Cartesian system
    6.3350,   0.0000,   0.0000    + j *   -0.0000,   0.0000,   0.0000
    0.0000,   6.3350,   0.0000    + j *    0.0000,  -0.0000,   0.0000
    0.0000,   0.0000,   6.3350    + j *    0.0000,   0.0000,  -0.0000
  structure factor tensor after T transformation (invT * SFT * T)
    6.3350,   0.0000,  -0.0000    + j *   -0.0000,  -0.0000,   0.0000
    0.0000,   6.3350,  -0.0000    + j *   -0.0000,  -0.0000,   0.0000
   -0.0000,  -0.0000,   6.3350    + j *    0.0000,   0.0000,  -0.0000
  matrix T
   -0.7071,  -0.1622,   0.6882
    0.7071,  -0.1622,   0.6882
    0.0000,   0.9733,   0.2294
 
  h  k  l mult   ReFN    NUCL2    MSFp2     cross     sthovl
  8  4  0  24  -3.772   14.231   37.157   -45.990   0.434
  structure factor tensor in local Cartesian system
    6.0957,   0.0000,   0.0000    + j *   -0.0000,  -0.0000,   0.0000
    0.0000,   6.0957,   0.0000    + j *   -0.0000,  -0.0000,   0.0000
    0.0000,   0.0000,   6.0957    + j *    0.0000,   0.0000,  -0.0000
  structure factor tensor after T transformation (invT * SFT * T)
    6.0957,   0.0000,  -0.0000    + j *   -0.0000,   0.0000,   0.0000
    0.0000,   6.0957,   0.0000    + j *    0.0000,  -0.0000,   0.0000
   -0.0000,   0.0000,   6.0957    + j *    0.0000,   0.0000,  -0.0000
  matrix T
   -0.4472,  -0.0000,   0.8944
    0.8944,  -0.0000,   0.4472
    0.0000,   1.0000,   0.0000
 
  h  k  l mult   ReFN    NUCL2    MSFp2     cross     sthovl
  9  1  1  24   5.457   29.777   18.152    39.571   0.442
  structure factor tensor in local Cartesian system
    2.9617,  -2.9014,  -2.9014    + j *   -0.0000,   0.0000,   0.0000
   -2.9014,   2.9617,  -2.9014    + j *    0.0000,  -0.0000,   0.0000
   -2.9014,  -2.9014,   2.9617    + j *    0.0000,   0.0000,  -0.0000
  structure factor tensor after T transformation (invT * SFT * T)
    3.5986,  -2.2370,  -3.0949    + j *   -0.0000,   0.0000,   0.0000
   -2.2370,   3.6531,  -3.0573    + j *    0.0000,  -0.0000,   0.0000
   -3.0949,  -3.0573,   1.6333    + j *    0.0000,   0.0000,  -0.0000
  matrix T
   -0.1104,  -0.1091,   0.9879
    0.9939,  -0.0121,   0.1098
    0.0000,   0.9940,   0.1098
 
  h  k  l mult   ReFN    NUCL2    MSFp2     cross     sthovl
  7  5  3  48 -16.797  282.130   19.122    65.438   0.442
  structure factor tensor in local Cartesian system
   -2.9617,  -2.9014,   2.9014    + j *    0.0000,   0.0000,  -0.0000
   -2.9014,  -2.9617,  -2.9014    + j *    0.0000,   0.0000,   0.0000
    2.9014,  -2.9014,  -2.9617    + j *   -0.0000,   0.0000,   0.0000
  structure factor tensor after T transformation (invT * SFT * T)
   -0.2171,  -3.5117,  -2.2213    + j *    0.0000,   0.0000,   0.0000
   -3.5117,  -3.6787,   1.3816    + j *    0.0000,   0.0000,   0.0000
   -2.2213,   1.3816,  -4.9891    + j *    0.0000,   0.0000,   0.0000
  matrix T
   -0.5812,  -0.2680,   0.7683
    0.8137,  -0.1914,   0.5488
    0.0000,   0.9442,   0.3293
 
  h  k  l mult   ReFN    NUCL2    MSFp2     cross     sthovl
  8  4  2  48  -0.000    0.000   11.162     0.000   0.444
  structure factor tensor in local Cartesian system
   -0.0000,   5.7477,   0.0000    + j *    0.0000,  -0.0000,   0.0000
    5.7477,   0.0000,   0.0000    + j *   -0.0000,   0.0000,   0.0000
    0.0000,   0.0000,  -0.0000    + j *    0.0000,   0.0000,   0.0000
  structure factor tensor after T transformation (invT * SFT * T)
   -4.5982,  -0.7526,   3.3655    + j *    0.0000,   0.0000,  -0.0000
   -0.7526,   0.2190,  -0.9792    + j *    0.0000,  -0.0000,   0.0000
    3.3655,  -0.9792,   4.3792    + j *   -0.0000,   0.0000,  -0.0000
  matrix T
   -0.4472,  -0.1952,   0.8729
    0.8944,  -0.0976,   0.4364
    0.0000,   0.9759,   0.2182
 
  h  k  l mult   ReFN    NUCL2    MSFp2     cross     sthovl
  6  6  4  24  11.670  136.179   15.818   -52.836   0.455
  structure factor tensor in local Cartesian system
    0.0000,   5.5339,   0.0000    + j *    0.0000,  -0.0000,   0.0000
    5.5339,   0.0000,   0.0000    + j *   -0.0000,   0.0000,   0.0000
    0.0000,   0.0000,  -0.0000    + j *    0.0000,   0.0000,   0.0000
  structure factor tensor after T transformation (invT * SFT * T)
   -5.5339,   0.0000,  -0.0000    + j *    0.0000,   0.0000,  -0.0000
    0.0000,   1.0062,  -2.1344    + j *    0.0000,  -0.0000,   0.0000
   -0.0000,  -2.1344,   4.5277    + j *   -0.0000,   0.0000,  -0.0000
  matrix T
